1834;11;1834.874;  50.9;  9.1;   15;1
1834;12;1834.958;  57.5;  9.6;   15;1
1835;01;1835.042;  12.4;  4.7;   22;1
1835;02;1835.123;  40.7;  8.1;   15;1
1835;03;1835.204;  32.7;  7.3;   18;1
1835;04;1835.288; 102.4; 12.8;   14;1
1835;05;1835.371;  72.6; 10.8;   22;1
1835;06;1835.455;  55.2;  9.4;   17;1
1835;07;1835.538;  99.6; 12.7;   13;1
1835;08;1835.623;  98.5; 12.6;    2;1
1835;09;1835.707; 168.0; 16.4;   11;1
1835;10;1835.790; 158.6; 16.0;   16;1
1835;11;1835.874; 166.7; 16.4;   15;1
1835;12;1835.958; 129.3; 14.4;    8;1
1836;01;1836.042; 147.6; 15.4;   17;1
1836;02;1836.124; 179.4; 17.0;   14;1
1836;03;1836.206; 163.7; 16.2;   12;1
1836;04;1836.290; 238.0; 19.6;   16;1
1836;05;1836.373; 185.7; 17.3;   23;1
1836;06;1836.456; 207.9; 18.3;   15;1
1836;07;1836.540; 194.6; 17.7;   15;1
1836;08;1836.624; 179.6; 17.0;   16;1
1836;09;1836.708; 158.5; 16.0;   12;1
1836;10;1836.791; 228.9; 19.2;   11;1
1836;11;1836.874; 201.5; 18.0;   11;1
1836;12;1836.958; 343.8; 23.5;    4;1
1837;01;1837.042; 313.4; 22.4;   10;1
1837;02;1837.123; 292.6; 21.7;   13;1
1837;03;1837.204; 224.3; 19.0;   12;1
1837;04;1837.288; 230.3; 19.2;   10;1
1837;05;1837.371; 186.1; 17.3;   15;1
1837;06;1837.455; 263.4; 20.6;   18;1
1837;07;1837.538; 271.2; 20.9;    9;1
1837;08;1837.623; 223.5; 18.9;   11;1
1837;09;1837.707; 160.4; 16.1;   19;1
1837;10;1837.790; 206.2; 18.2;   18;1
1837;11;1837.874; 178.4; 16.9;    7;1
1837;12;1837.958; 216.1; 18.6;    8;1
1838;01;1838.042; 241.5; 19.7;   11;1
1838;02;1838.123; 141.3; 15.1;   18;1
1838;03;1838.204; 234.5; 19.4;   12;1
1838;04;1838.288; 211.1; 18.4;   16;1
1838;05;1838.371; 229.4; 19.2;   20;1
1838;06;1838.455; 157.6; 15.9;   19;1
1838;07;1838.538; 180.4; 17.0;   21;1
1838;08;1838.623; 131.3; 14.5;   15;1
1838;09;1838.707; 122.7; 14.0;   23;1
1838;10;1838.790; 151.5; 15.6;   16;1
1838;11;1838.874; 129.2; 14.4;   16;1
1838;12;1838.958; 132.9; 14.6;   14;1
1839;01;1839.042; 175.9; 16.8;   15;1
1839;02;1839.123; 170.8; 16.6;   12;1
1839;03;1839.204; 129.5; 14.4;   15;1
1839;04;1839.288; 102.9; 12.9;   14;1
1839;05;1839.371;  89.6; 12.0;   22;1
1839;06;1839.455;  91.2; 12.1;   20;1
1839;07;1839.538; 141.3; 15.1;   25;1
1839;08;1839.623; 218.8; 18.7;   17;1
1839;09;1839.707; 221.1; 18.8;   18;1
1839;10;1839.790; 151.5; 15.6;   16;1
1839;11;1839.874; 114.7; 13.6;   11;1
1839;12;1839.958; 106.2; 13.1;    9;1
1840;01;1840.042; 135.4; 14.7;   18;1
1840;02;1840.124; 146.1; 15.3;   14;1
1840;03;1840.206; 112.9; 13.5;   18;1
1840;04;1840.290; 109.8; 13.3;   21;1
1840;05;1840.373; 115.4; 13.6;   22;1
1840;06;1840.456;  80.9; 11.4;   27;1
1840;07;1840.540; 101.0; 12.7;   23;1
1840;08;1840.624;  96.4; 12.4;   24;1
1840;09;1840.708; 123.3; 14.1;   20;1
1840;10;1840.791;  91.7; 12.1;   19;1
1840;11;1840.874;  90.4; 12.0;   20;1
1840;12;1840.958;  89.5; 12.0;   22;1
1841;01;1841.042;  40.1;  8.1;   15;1
1841;02;1841.123;  49.9;  8.9;   20;1
1841;03;1841.204;  49.6;  8.9;   22;1
1841;04;1841.288;  66.9; 10.4;   28;1
1841;05;1841.371; 112.4; 13.5;   27;1
1841;06;1841.455;  92.8; 12.2;   24;1
1841;07;1841.538;  51.4;  9.1;   27;1
1841;08;1841.623;  65.4; 10.3;   28;1
1841;09;1841.707;  60.9;  9.9;   28;1
1841;10;1841.790;  47.4;  8.7;   19;1
1841;11;1841.874;  32.9;  7.3;   20;1
1841;12;1841.958;  64.8; 10.2;   19;1
1842;01;1842.042;  34.0;  7.5;   20;1
1842;02;1842.123;  36.8;  7.8;   22;1
1842;03;1842.204;  36.2;  7.7;   25;1
1842;04;1842.288;  44.9;  8.5;   30;1
1842;05;1842.371;  41.4;  8.2;   31;1
1842;06;1842.455;  34.2;  7.4;   30;1
1842;07;1842.538;  21.0;  6.0;   31;1
1842;08;1842.623;  44.4;  8.5;   31;1
1842;09;1842.707;  30.6;  7.1;   28;1
1842;10;1842.790;  63.5; 10.1;   23;1
1842;11;1842.874;  67.5; 10.4;   25;1
1842;12;1842.958;  29.3;  6.9;   15;1
1843;01;1843.042;  22.2;  6.1;   22;1
1843;02;1843.123;   5.9;  3.5;   14;1
1843;03;1843.204;  13.9;  5.0;   29;1
1843;04;1843.288;  15.8;  5.2;   29;1
1843;05;1843.371;  35.1;  7.6;   30;1
1843;06;1843.455;  17.6;  5.4;   30;1
1843;07;1843.538;  15.9;  5.2;   31;1
1843;08;1843.623;  19.6;  5.8;   31;1
1843;09;1843.707;   6.9;  3.7;   30;1
1843;10;1843.790;   8.9;  4.1;   31;1
1843;11;1843.874;  31.7;  7.2;   27;1
1843;12;1843.958;  21.2;  6.0;   16;1
1844;01;1844.042;  15.7;  5.2;   24;1
1844;02;1844.124;  24.5;  6.4;   22;1
1844;03;1844.206;  22.5;  6.1;   21;1
1844;04;1844.290;  34.6;  7.5;   28;1
1844;05;1844.373;  19.2;  5.7;   25;1
1844;06;1844.456;   6.2;  3.6;   29;1
1844;07;1844.540;  35.2;  7.6;   29;1
1844;08;1844.624;  39.7;  8.1;   28;1
1844;09;1844.708;  11.6;  4.7;   27;1
1844;10;1844.791;  35.9;  7.7;   25;1
1844;11;1844.874;  17.9;  5.6;   16;1
1844;12;1844.958;  36.0;  7.6;   20;1
1845;01;1845.042;  42.8;  8.3;   17;1
1845;02;1845.123;  72.8; 10.8;   17;1
1845;03;1845.204;  72.1; 10.8;   22;1
1845;04;1845.288;  95.0; 12.3;   25;1
1845;05;1845.371;  79.7; 11.3;   27;1
1845;06;1845.455;  51.8;  9.2;   25;1
1845;07;1845.538;  51.0;  9.1;   24;1
1845;08;1845.623;  53.9;  9.3;   27;1
1845;09;1845.707;  49.3;  9.0;   26;1
1845;10;1845.790;  67.8; 10.4;   19;1
1845;11;1845.874;  65.7; 10.3;   23;1
1845;12;1845.958;  99.5; 12.6;   13;1
1846;01;1846.042;  64.6; 10.2;   19;1
1846;02;1846.123;  84.9; 11.7;   21;1
1846;03;1846.204; 106.5; 13.1;   22;1
1846;04;1846.288; 115.5; 13.6;   19;1
1846;05;1846.371;  99.9; 12.7;   21;1
1846;06;1846.455; 108.4; 13.2;   28;1
1846;07;1846.538;  77.5; 11.1;   26;1
1846;08;1846.623;  91.3; 12.1;   26;1
1846;09;1846.707; 178.6; 16.9;   23;1
1846;10;1846.790;  93.4; 12.2;   16;1
1846;11;1846.874; 100.6; 12.7;   16;1
1846;12;1846.958; 109.1; 13.2;   10;1
1847;01;1847.042; 104.4; 12.9;   11;1
1847;02;1847.123;  74.9; 10.9;   10;1
1847;03;1847.204; 143.0; 15.1;   19;1
1847;04;1847.288;  74.6; 10.9;   20;1
1847;05;1847.371; 125.7; 14.2;   26;1
1847;06;1847.455; 142.2; 15.1;   25;1
1847;07;1847.538;  87.1; 11.8;   25;1
1847;08;1847.623; 234.3; 19.4;   28;1
1847;09;1847.707; 268.2; 20.7;   15;1
1847;10;1847.790; 300.6; 22.0;   19;1
1847;11;1847.874; 231.5; 19.3;   20;1
1847;12;1847.958; 182.6; 17.1;   14;1
1848;01;1848.042; 265.2; 20.6;   14;1
1848;02;1848.124; 186.4; 17.3;   13;1
1848;03;1848.206; 181.2; 17.1;   17;1
1848;04;1848.290; 178.6; 16.9;   18;1
1848;05;1848.373; 170.5; 16.5;   27;1
1848;06;1848.456; 214.9; 18.6;   24;1
1848;07;1848.540; 232.0; 19.3;   27;1
1848;08;1848.624; 220.9; 18.8;   21;1
1848;09;1848.708; 167.3; 16.4;   20;1
1848;10;1848.791; 220.6; 18.8;   13;1
1848;11;1848.874; 191.0; 17.5;   16;1
1848;12;1848.958; 265.8; 20.7;   24;1
1849;01;1849.042; 298.3; 21.4;   31;1
1849;02;1849.123; 250.3; 19.5;   28;1
1849;03;1849.204; 182.7; 16.6;   31;1
1849;04;1849.288; 194.7; 17.1;   30;1
1849;05;1849.371; 153.2; 15.1;   31;1
1849;06;1849.455; 154.2; 15.2;   30;1
1849;07;1849.538; 148.2; 14.9;   31;1
1849;08;1849.623; 128.6; 13.8;   31;1
1849;09;1849.707; 178.0; 16.3;   30;1
1849;10;1849.790; 135.7; 14.2;   31;1
1849;11;1849.874; 188.2; 16.8;   30;1
1849;12;1849.958; 184.3; 16.6;   31;1
1850;01;1850.042; 148.2; 14.9;   31;1
1850;02;1850.123; 169.8; 15.9;   28;1
1850;03;1850.204; 156.8; 15.3;   31;1
1850;04;1850.288;  83.8; 11.1;   30;1
1850;05;1850.371; 117.0; 13.1;   31;1
1850;06;1850.455; 133.0; 14.1;   30;1
1850;07;1850.538;  74.3; 10.5;   31;1
1850;08;1850.623; 117.0; 13.1;   31;1
1850;09;1850.707; 163.7; 15.6;   30;1
1850;10;1850.790; 134.9; 14.1;   31;1
1850;11;1850.874; 104.1; 12.4;   30;1
1850;12;1850.958; 115.9; 13.1;   31;1
1851;01;1851.042; 143.5; 14.7;   31;1
1851;02;1851.123; 200.1; 17.3;   28;1
1851;03;1851.204; 122.8; 13.5;   31;1
1851;04;1851.288; 107.3; 12.6;   30;1
1851;05;1851.371; 118.9; 13.3;   31;1
1851;06;1851.455; 120.0; 13.3;   30;1
1851;07;1851.538;  68.6; 10.0;   31;1
1851;08;1851.623; 109.0; 12.7;   31;1
1851;09;1851.707; 128.9; 13.8;   30;1
1851;10;1851.790; 118.7; 13.3;   31;1
1851;11;1851.874;  96.8; 11.9;   30;1
1851;12;1851.958; 135.5; 14.2;   31;1
1852;01;1852.042; 129.9; 13.9;   31;1
1852;02;1852.124; 126.2; 13.7;   29;1
1852;03;1852.206; 116.2; 13.1;   31;1
1852;04;1852.290; 124.3; 13.6;   30;1
1852;05;1852.373; 104.3; 12.4;   31;1
1852;06;1852.456;  89.0; 11.4;   30;1
1852;07;1852.540;  80.0; 10.8;   31;1
1852;08;1852.624;  75.3; 10.5;   31;1
1852;09;1852.708;  71.2; 10.2;   30;1
1852;10;1852.791; 127.9; 13.8;   31;1
1852;11;1852.874; 103.1; 12.3;   30;1
1852;12;1852.958;  86.1; 11.3;   31;1
1853;01;1853.042;  77.9; 10.7;   31;1
1853;02;1853.123;  81.5; 10.9;   28;1
1853;03;1853.204;  71.6; 10.2;   31;1
1853;04;1853.288;  90.4; 11.5;   30;1
1853;05;1853.371;  65.9;  9.8;   31;1
1853;06;1853.455;  76.0; 10.6;   30;1
1853;07;1853.538;  87.2; 11.3;   31;1
1853;08;1853.623;  95.8; 11.9;   31;1
1853;09;1853.707;  63.7;  9.7;   30;1
1853;10;1853.790;  80.5; 10.9;   31;1
1853;11;1853.874;  54.7;  8.9;   30;1
1853;12;1853.958;  44.5;  8.0;   31;1
1854;01;1854.042;  29.3;  6.5;   31;1
1854;02;1854.123;  38.0;  7.4;   28;1
1854;03;1854.204;  39.4;  7.6;   31;1
1854;04;1854.288;  50.3;  8.6;   30;1
1854;05;1854.371;  45.6;  8.2;   31;1
1854;06;1854.455;  40.1;  7.6;   30;1
1854;07;1854.538;  35.5;  7.2;   31;1
1854;08;1854.623;  30.1;  6.6;   31;1
1854;09;1854.707;  42.6;  7.9;   30;1
1854;10;1854.790;  24.1;  5.9;   31;1
1854;11;1854.874;  53.5;  8.8;   30;1
1854;12;1854.958;  41.1;  7.7;   31;1
1855;01;1855.042;  23.4;  5.8;   31;1
1855;02;1855.123;  21.6;  5.6;   28;1
1855;03;1855.204;  33.0;  6.9;   31;1
1855;04;1855.288;   8.4;  3.5;   30;1
1855;05;1855.371;  17.3;  5.0;   31;1
1855;06;1855.455;  10.0;  3.8;   30;1
1855;07;1855.538;   0.7;  1.0;   31;1
1855;08;1855.623;   5.9;  2.9;   31;1
1855;09;1855.707;   0.0;  0.0;   30;1
1855;10;1855.790;  18.3;  5.1;   31;1
1855;11;1855.874;   7.9;  3.4;   30;1
1855;12;1855.958;   5.8;  2.9;   31;1
1856;01;1856.042;   1.0;  1.2;   31;1
1856;02;1856.124;   9.3;  3.7;   29;1
1856;03;1856.206;   0.7;  1.0;   31;1
1856;04;1856.290;  12.4;  4.2;   30;1
1856;05;1856.373;   0.0;  0.0;   31;1
1856;06;1856.456;   9.8;  3.8;   30;1
1856;07;1856.540;   8.8;  3.6;   31;1
1856;08;1856.624;  11.3;  4.0;   31;1
1856;09;1856.708;   8.4;  3.5;   30;1
1856;10;1856.791;   8.5;  3.5;   31;1
1856;11;1856.874;  14.7;  4.6;   30;1
1856;12;1856.958;  13.7;  4.4;   31;1
1857;01;1857.042;  26.0;  6.1;   31;1
1857;02;1857.123;  14.2;  4.5;   28;1
1857;03;1857.204;  10.0;  3.8;   31;1
1857;04;1857.288;  21.1;  5.5;   30;1
1857;05;1857.371;  54.2;  8.9;   31;1
1857;06;1857.455;  30.5;  6.6;   30;1
1857;07;1857.538;  42.2;  7.8;   31;1
1857;08;1857.623;  32.0;  6.8;   31;1
1857;09;1857.707;  80.6; 10.9;   30;1
1857;10;1857.790;  77.1; 10.6;   31;1
1857;11;1857.874;  59.6;  9.3;   30;1
1857;12;1857.958;  70.7; 10.2;   31;1
1858;01;1858.042;  74.2; 10.4;   31;1
1858;02;1858.123;  66.3;  9.9;   28;1
1858;03;1858.204; 109.2; 12.7;   31;1
1858;04;1858.288;  72.8; 10.3;   30;1
1858;05;1858.371;  78.6; 10.7;   31;1
1858;06;1858.455;  84.5; 11.1;   30;1
1858;07;1858.538; 107.7; 12.6;   31;1
1858;08;1858.623; 104.9; 12.5;   31;1
1858;09;1858.707; 152.2; 15.1;   30;1
1858;10;1858.790; 173.2; 16.1;   31;1
1858;11;1858.874;  98.6; 12.1;   30;1
1858;12;1858.958; 127.0; 13.7;   31;1
1859;01;1859.042; 159.0; 15.4;   31;1
1859;02;1859.123; 166.4; 15.8;   28;1
1859;03;1859.204; 171.5; 16.0;   31;1
1859;04;1859.288; 162.9; 15.6;   30;1
1859;05;1859.371; 172.8; 16.1;   31;1
1859;06;1859.455; 165.2; 15.7;   30;1
1859;07;1859.538; 180.7; 16.5;   31;1
1859;08;1859.623; 203.0; 17.5;   31;1
1859;09;1859.707; 200.9; 17.4;   30;1
1859;10;1859.790; 217.8; 18.1;   31;1
1859;11;1859.874; 184.6; 16.6;   30;1
1859;12;1859.958; 153.9; 15.1;   31;1
1860;01;1860.042; 156.6; 15.3;   31;1
1860;02;1860.124; 167.9; 15.9;   29;1
1860;03;1860.206; 188.0; 16.8;   31;1
1860;04;1860.290; 135.7; 14.2;   30;1
1860;05;1860.373; 203.5; 17.5;   31;1
1860;06;1860.456; 206.3; 17.7;   30;1
1860;07;1860.540; 221.9; 18.3;   31;1
1860;08;1860.624; 190.5; 16.9;   31;1
1860;09;1860.708; 175.2; 16.2;   30;1
1860;10;1860.791; 171.1; 16.0;   31;1
1860;11;1860.874; 186.0; 16.7;   30;1
1860;12;1860.958; 181.7; 16.5;   31;1
1861;01;1861.042; 118.5; 13.2;   31;1
1861;02;1861.123; 147.5; 14.8;   28;1
1861;03;1861.204; 192.0; 17.0;   31;1
1861;04;1861.288; 187.1; 16.8;   30;1
1861;05;1861.371; 107.8; 12.6;   31;1
1861;06;1861.455; 167.5; 15.8;   30;1
1861;07;1861.538; 148.2; 14.8;   31;1
1861;08;1861.623; 156.7; 15.3;   31;1
1861;09;1861.707; 151.9; 15.0;   30;1
1861;10;1861.790; 127.7; 13.8;   31;1
1861;11;1861.874; 102.0; 12.3;   30;1
1861;12;1861.958; 152.8; 15.1;   31;1
1862;01;1862.042; 119.9; 13.3;   31;1
1862;02;1862.123; 122.4; 13.5;   28;1
1862;03;1862.204;  82.7; 11.0;   31;1
1862;04;1862.288; 102.1; 12.2;   30;1
1862;05;1862.371; 122.4; 13.4;   31;1
1862;06;1862.455; 159.7; 15.4;   30;1
1862;07;1862.538; 139.5; 14.4;   31;1
1862;08;1862.623; 118.7; 13.2;   31;1
1862;09;1862.707; 126.4; 13.7;   30;1
1862;10;1862.790;  79.8; 10.8;   31;1
1862;11;1862.874;  96.0; 11.9;   30;1
1862;12;1862.958;  77.6; 10.7;   31;1
1863;01;1863.042;  91.8; 11.6;   31;1
1863;02;1863.123; 107.7; 12.6;   28;1
1863;03;1863.204; 126.0; 13.6;   31;1
1863;04;1863.288;  77.1; 10.6;   30;1
1863;05;1863.371; 102.1; 12.2;   31;1
1863;06;1863.455;  77.6; 10.7;   30;1
1863;07;1863.538;  62.0;  9.5;   31;1
1863;08;1863.623;  91.3; 11.6;   31;1
1863;09;1863.707;  41.7;  7.8;   30;1
1863;10;1863.790;  75.7; 10.5;   31;1
1863;11;1863.874;  71.6; 10.2;   30;1
1863;12;1863.958;  78.1; 10.7;   31;1
1864;01;1864.042; 109.7; 12.7;   31;1
1864;02;1864.124;  89.5; 11.5;   29;1
1864;03;1864.206; 125.9; 13.6;   31;1
1864;04;1864.290;  68.1; 10.0;   30;1
1864;05;1864.373;  77.1; 10.6;   31;1
1864;06;1864.456; 109.9; 12.8;   30;1
1864;07;1864.540; 103.8; 12.4;   31;1
1864;08;1864.624; 104.1; 12.5;   31;1
1864;09;1864.708;  54.2;  8.9;   30;1
1864;10;1864.791;  64.4;  9.7;   31;1
1864;11;1864.874; 109.3; 12.7;   30;1
1864;12;1864.958;  54.3;  8.9;   31;1
1865;01;1865.042;  92.5; 11.7;   31;1
1865;02;1865.123;  74.6; 10.5;   28;1
1865;03;1865.204;  75.0; 10.5;   31;1
1865;04;1865.288;  55.9;  9.0;   30;1
1865;05;1865.371;  65.6;  9.8;   31;1
1865;06;1865.455;  63.8;  9.7;   30;1
1865;07;1865.538;  50.8;  8.6;   31;1
1865;08;1865.623;  71.8; 10.3;   31;1
1865;09;1865.707;  41.0;  7.7;   30;1
1865;10;1865.790;  32.5;  6.9;   31;1
1865;11;1865.874;  46.7;  8.2;   30;1
1865;12;1865.958;  24.3;  5.9;   31;1
1866;01;1866.042;  60.0;  9.4;   31;1
1866;02;1866.123;  72.9; 10.4;   28;1
1866;03;1866.204;  46.6;  8.2;   31;1
1866;04;1866.288;  33.5;  7.0;   30;1
1866;05;1866.371;  24.6;  6.0;   31;1
1866;06;1866.455;  31.4;  6.7;   30;1
1866;07;1866.538;  17.6;  5.0;   31;1
1866;08;1866.623;  24.2;  5.9;   31;1
1866;09;1866.707;  13.9;  4.5;   30;1
1866;10;1866.790;  26.8;  6.2;   31;1
1866;11;1866.874;  17.2;  5.0;   30;1
1866;12;1866.958;   2.9;  2.0;   31;1
1867;01;1867.042;   0.0;  0.0;   31;1
1867;02;1867.123;   1.4;  1.4;   28;1
1867;03;1867.204;  17.4;  5.0;   31;1
1867;04;1867.288;   9.7;  3.7;   30;1
1867;05;1867.371;   5.5;  2.8;   31;1
1867;06;1867.455;   2.8;  2.0;   30;1
1867;07;1867.538;   9.5;  3.7;   31;1
1867;08;1867.623;   9.1;  3.6;   31;1
1867;09;1867.707;  18.7;  5.2;   30;1
1867;10;1867.790;  25.5;  6.1;   31;1
1867;11;1867.874;  18.1;  5.1;   30;1
1867;12;1867.958;  47.9;  8.4;   31;1
1868;01;1868.042;  25.9;  5.9;   31;1
1868;02;1868.124;  26.3;  5.8;   29;1
1868;03;1868.206;  44.0;  7.5;   31;1
1868;04;1868.290;  61.1;  8.8;   30;1
1868;05;1868.373;  44.5;  7.5;   31;1
1868;06;1868.456;  51.8;  8.1;   30;1
1868;07;1868.540;  48.3;  7.9;   31;1
1868;08;1868.624;  57.3;  8.5;   31;1
1868;09;1868.708;  78.7; 10.0;   30;1
1868;10;1868.791; 102.8; 11.4;   31;1
1868;11;1868.874;  98.7; 11.2;   30;1
1868;12;1868.958; 112.8; 11.9;   31;1
1869;01;1869.042; 101.6; 11.3;   31;1
1869;02;1869.123;  99.9; 11.2;   28;1
1869;03;1869.204;  88.0; 10.5;   31;1
1869;04;1869.288;  68.4;  9.3;   30;1
1869;05;1869.371; 173.4; 14.8;   31;1
1869;06;1869.455; 180.7; 15.1;   30;1
1869;07;1869.538;  98.8; 11.2;   31;1
1869;08;1869.623; 132.7; 12.9;   31;1
1869;09;1869.707; 134.5; 13.0;   30;1
1869;10;1869.790;  99.0; 11.2;   31;1
1869;11;1869.874; 130.2; 12.8;   30;1
1869;12;1869.958; 174.1; 14.8;   31;1
1870;01;1870.042; 129.0; 12.7;   31;1
1870;02;1870.123; 191.7; 15.5;   28;1
1870;03;1870.204; 262.7; 18.2;   31;1
1870;04;1870.288; 266.9; 18.3;   30;1
1870;05;1870.371; 293.6; 19.2;   31;1
1870;06;1870.455; 226.3; 16.9;   30;1
1870;07;1870.538; 220.9; 16.7;   31;1
1870;08;1870.623; 256.5; 18.0;   31;1
1870;09;1870.707; 226.8; 16.9;   30;1
1870;10;1870.790; 244.3; 17.5;   31;1
1870;11;1870.874; 246.0; 17.6;   30;1
1870;12;1870.958; 216.7; 16.5;   31;1
1871;01;1871.042; 147.2; 13.6;   31;1
1871;02;1871.123; 209.0; 16.2;   28;1
1871;03;1871.204; 238.7; 17.4;   31;1
1871;04;1871.288; 270.9; 18.5;   30;1
1871;05;1871.371; 242.6; 17.5;   31;1
1871;06;1871.455; 152.9; 13.9;   30;1
1871;07;1871.538; 171.8; 14.7;   31;1
1871;08;1871.623; 183.7; 15.2;   31;1
1871;09;1871.707; 133.9; 13.0;   30;1
1871;10;1871.790; 148.5; 13.7;   31;1
1871;11;1871.874; 175.7; 14.9;   30;1
1871;12;1871.958; 150.8; 13.8;   31;1
1872;01;1872.042; 132.7; 12.9;   31;1
1872;02;1872.124; 200.3; 15.9;   29;1
1872;03;1872.206; 147.5; 13.6;   31;1
1872;04;1872.290; 170.4; 14.7;   30;1
1872;05;1872.373; 179.5; 15.0;   31;1
1872;06;1872.456; 183.3; 15.2;   30;1
1872;07;1872.540; 176.0; 14.9;   31;1
1872;08;1872.624; 155.0; 14.0;   31;1
1872;09;1872.708; 191.1; 15.5;   30;1
1872;10;1872.791; 171.2; 14.7;   31;1
1872;11;1872.874; 186.8; 15.3;   30;1
1872;12;1872.958; 139.9; 13.3;   31;1
1873;01;1873.042; 144.6; 13.5;   31;1
1873;02;1873.123; 178.4; 15.0;   28;1
1873;03;1873.204; 164.0; 14.4;   31;1
1873;04;1873.288; 127.1; 12.7;   30;1
1873;05;1873.371;  80.0; 10.1;   31;1
1873;06;1873.455;  74.8;  9.8;   30;1
1873;07;1873.538; 111.7; 11.9;   31;1
1873;08;1873.623; 113.8; 12.0;   31;1
1873;09;1873.707;  78.7; 10.0;   30;1
1873;10;1873.790;  78.6; 10.0;   31;1
1873;11;1873.874;  92.5; 10.8;   30;1
1873;12;1873.958;  82.0; 10.2;   31;1
1874;01;1874.042; 101.4; 11.3;   31;1
1874;02;1874.123; 107.1; 11.6;   28;1
1874;03;1874.204;  77.5;  9.9;   31;1
1874;04;1874.288;  53.5;  8.2;   30;1
1874;05;1874.371;  74.6;  9.7;   31;1
1874;06;1874.455;  63.8;  9.0;   30;1
1874;07;1874.538; 113.2; 11.9;   31;1
1874;08;1874.623; 102.3; 11.3;   31;1
1874;09;1874.707;  46.8;  7.7;   30;1
1874;10;1874.790;  57.4;  8.5;   31;1
1874;11;1874.874;  48.2;  7.8;   30;1
1874;12;1874.958;  48.8;  7.9;   31;1
1875;01;1875.042;  24.4;  5.7;   31;1
1875;02;1875.123;  35.9;  6.8;   28;1
1875;03;1875.204;  56.4;  8.4;   31;1
1875;04;1875.288;  48.6;  7.8;   30;1
1875;05;1875.371;  19.2;  5.1;   31;1
1875;06;1875.455;  39.9;  7.1;   30;1
1875;07;1875.538;  20.9;  5.3;   31;1
1875;08;1875.623;  24.4;  5.7;   31;1
1875;09;1875.707;   4.0;  2.9;   30;1
1875;10;1875.790;  21.3;  5.3;   31;1
1875;11;1875.874;  29.6;  6.3;   30;1
1875;12;1875.958;  16.5;  4.8;   31;1
1876;01;1876.042;  23.9;  5.7;   31;1
1876;02;1876.124;  25.1;  5.7;   29;1
1876;03;1876.206;  51.1;  8.1;   31;1
1876;04;1876.290;   3.9;  2.9;   30;1
1876;05;1876.373;   8.5;  3.7;   31;1
1876;06;1876.456;   2.7;  2.6;   30;1
1876;07;1876.540;  25.5;  5.8;   31;1
1876;08;1876.624;  14.8;  4.5;   31;1
1876;09;1876.708;  16.6;  4.8;   30;1
1876;10;1876.791;  23.9;  5.6;   31;1
1876;11;1876.874;  16.6;  4.8;   30;1
1876;12;1876.958;  13.6;  4.4;   31;1
1877;01;1877.042;  40.6;  7.2;   31;1
1877;02;1877.123;  14.5;  4.4;   28;1
1877;03;1877.204;  19.9;  5.2;   31;1
1877;04;1877.288;  26.3;  5.9;   30;1
1877;05;1877.371;  36.1;  6.8;   31;1
1877;06;1877.455;  23.6;  5.5;   30;1
1877;07;1877.538;  10.0;  3.8;   31;1
1877;08;1877.623;  10.5;  3.9;   31;1
1877;09;1877.707;  28.1;  6.0;   30;1
1877;10;1877.790;  11.2;  4.1;   31;1
1877;11;1877.874;  23.6;  5.6;   30;1
1877;12;1877.958;   3.5;  2.7;   31;1
1878;01;1878.042;   5.5;  3.1;   31;1
1878;02;1878.123;  11.0;  4.1;   28;1
1878;03;1878.204;  13.1;  4.3;   31;1
1878;04;1878.288;   0.2;  2.0;   30;1
1878;05;1878.371;   9.9;  3.9;   31;1
1878;06;1878.455;  10.7;  4.0;   30;1
1878;07;1878.538;   0.2;  2.0;   31;1
1878;08;1878.623;   0.0;  2.0;   31;1
1878;09;1878.707;   8.8;  3.7;   30;1
1878;10;1878.790;   1.9;  2.4;   31;1
1878;11;1878.874;   6.8;  3.3;   30;1
1878;12;1878.958;   0.9;  2.2;   31;1
1879;01;1879.042;   1.6;  2.3;   31;1
1879;02;1879.123;   0.9;  2.2;   28;1
1879;03;1879.204;   0.0;  2.0;   31;1
1879;04;1879.288;  10.4;  3.9;   30;1
1879;05;1879.371;   4.0;  2.8;   31;1
1879;06;1879.455;   8.0;  3.6;   30;1
1879;07;1879.538;  12.6;  4.2;   31;1
1879;08;1879.623;  17.9;  5.0;   31;1
1879;09;1879.707;  10.1;  3.8;   30;1
1879;10;1879.790;  20.4;  5.2;   31;1
1879;11;1879.874;  21.9;  5.4;   30;1
1879;12;1879.958;  12.2;  4.1;   31;1
1880;01;1880.042;  40.1;  7.2;   31;1
1880;02;1880.124;  45.4;  7.6;   29;1
1880;03;1880.206;  32.1;  6.4;   31;1
1880;04;1880.290;  32.4;  6.4;   30;1
1880;05;1880.373;  39.1;  7.1;   31;1
1880;06;1880.456;  56.9;  8.5;   30;1
1880;07;1880.540;  36.5;  6.8;   31;1
1880;08;1880.624;  80.3; 10.1;   31;1
1880;09;1880.708; 110.1; 11.8;   30;1
1880;10;1880.791;  71.7;  9.5;   31;1
1880;11;1880.874;  51.1;  8.1;   30;1
1880;12;1880.958;  49.4;  7.9;   31;1
1881;01;1881.042;  60.6;  8.7;   31;1
1881;02;1881.123;  88.6; 10.6;   28;1
1881;03;1881.204;  85.8; 10.4;   31;1
1881;04;1881.288;  86.1; 10.4;   30;1
1881;05;1881.371;  72.5;  9.6;   31;1
1881;06;1881.455; 100.8; 11.3;   30;1
1881;07;1881.538; 128.2; 12.7;   31;1
1881;08;1881.623;  97.3; 11.1;   31;1
1881;09;1881.707;  88.6; 10.6;   30;1
1881;10;1881.790; 107.3; 11.6;   31;1
1881;11;1881.874;  91.5; 10.7;   30;1
1881;12;1881.958;  78.8; 10.0;   31;1
1882;01;1882.042;  75.0;  9.7;   31;1
1882;02;1882.123; 115.9; 12.1;   28;1
1882;03;1882.204; 111.5; 11.8;   31;1
1882;04;1882.288; 159.6; 14.2;   30;1
1882;05;1882.371; 106.9; 11.6;   31;1
1882;06;1882.455;  75.4;  9.8;   30;1
1882;07;1882.538;  75.7;  9.8;   31;1
1882;08;1882.623;  67.5;  9.2;   31;1
1882;09;1882.707;  96.1; 11.0;   30;1
1882;10;1882.790;  98.6; 11.2;   31;1
1882;11;1882.874; 140.6; 13.3;   30;1
1882;12;1882.958;  69.7;  9.4;   31;1
1883;01;1883.042; 101.0; 11.3;   31;1
1883;02;1883.123;  78.2; 10.0;   28;1
1883;03;1883.204;  71.3;  9.5;   31;1
1883;04;1883.288; 136.8; 13.1;   30;1
1883;05;1883.371;  52.5;  8.1;   31;1
1883;06;1883.455; 127.2; 12.7;   30;1
1883;07;1883.538; 134.4; 13.0;   31;1
1883;08;1883.623;  76.6;  9.8;   31;1
1883;09;1883.707;  87.8; 10.5;   30;1
1883;10;1883.790; 139.6; 13.3;   31;1
1883;11;1883.874; 140.8; 13.3;   30;1
1883;12;1883.958; 126.5; 12.6;   31;1
1884;01;1884.042; 152.6; 13.9;   31;1
1884;02;1884.124; 144.8; 13.5;   29;1
1884;03;1884.206; 145.8; 13.6;   31;1
1884;04;1884.290; 126.9; 12.7;   30;1
1884;05;1884.373; 110.9; 11.8;   31;1
1884;06;1884.456;  85.3; 10.4;   30;1
1884;07;1884.540;  88.5; 10.6;   31;1
1884;08;1884.624;  93.1; 10.8;   31;1
1884;09;1884.708; 103.1; 11.4;   30;1
1884;10;1884.791;  79.6; 10.0;   31;1
1884;11;1884.874;  60.9;  8.8;   30;1
1884;12;1884.958;  78.6; 10.0;   31;1
1885;01;1885.042;  71.4;  9.5;   31;1
1885;02;1885.123; 119.7; 12.3;   28;1
1885;03;1885.204;  82.9; 10.2;   31;1
1885;04;1885.288;  91.7; 10.8;   30;1
1885;05;1885.371; 121.6; 12.4;   31;1
1885;06;1885.455; 139.5; 13.3;   30;1
1885;07;1885.538; 110.9; 11.8;   31;1
1885;08;1885.623;  83.5; 10.3;   31;1
1885;09;1885.707;  66.0;  9.1;   30;1
1885;10;1885.790;  64.5;  9.1;   31;1
1885;11;1885.874;  51.6;  8.1;   30;1
1885;12;1885.958;  36.3;  6.8;   31;1
1886;01;1886.042;  49.8;  8.0;   31;1
1886;02;1886.123;  43.2;  7.4;   28;1
1886;03;1886.204;  95.5; 11.0;   31;1
1886;04;1886.288;  72.9;  9.6;   30;1
1886;05;1886.371;  51.2;  8.0;   31;1
1886;06;1886.455;  45.3;  7.6;   30;1
1886;07;1886.538;  50.4;  8.0;   31;1
1886;08;1886.623;  28.1;  6.0;   31;1
1886;09;1886.707;  35.7;  6.8;   30;1
1886;10;1886.790;  14.4;  4.3;   31;1
1886;11;1886.874;   0.6;  2.1;   30;1
1886;12;1886.958;  21.7;  5.3;   31;1
1887;01;1887.042;  17.0;  4.8;   31;1
1887;02;1887.123;  22.0;  5.4;   28;1
1887;03;1887.204;   7.1;  3.3;   31;1
1887;04;1887.288;  11.6;  4.0;   30;1
1887;05;1887.371;  33.4;  6.5;   31;1
1887;06;1887.455;  26.1;  5.7;   30;1
1887;07;1887.538;  38.9;  7.0;   31;1
1887;08;1887.623;  35.7;  6.8;   31;1
1887;09;1887.707;  12.4;  4.2;   30;1
1887;10;1887.790;  11.0;  3.9;   31;1
1887;11;1887.874;  11.5;  4.0;   30;1
1887;12;1887.958;  34.5;  6.6;   31;1
1888;01;1888.042;  21.2;  5.3;   31;1
1888;02;1888.124;  11.8;  4.1;   29;1
1888;03;1888.206;  13.1;  4.3;   31;1
1888;04;1888.290;   8.5;  3.5;   30;1
1888;05;1888.373;  11.7;  4.1;   31;1
1888;06;1888.456;  11.8;  4.0;   30;1
1888;07;1888.540;   5.0;  2.9;   31;1
1888;08;1888.624;   4.6;  2.9;   31;1
1888;09;1888.708;  14.6;  4.4;   30;1
1888;10;1888.791;   3.4;  2.7;   31;1
1888;11;1888.874;  17.9;  4.8;   30;1
1888;12;1888.958;  11.1;  3.9;   31;1
1889;01;1889.042;   1.3;  2.3;   31;1
1889;02;1889.123;  14.2;  4.5;   28;1
1889;03;1889.204;  11.1;  4.0;   31;1
1889;04;1889.288;   7.3;  3.4;   30;1
1889;05;1889.371;   4.0;  2.8;   31;1
1889;06;1889.455;  10.8;  4.0;   30;1
1889;07;1889.538;  15.8;  4.6;   31;1
1889;08;1889.623;  34.3;  6.7;   31;1
1889;09;1889.707;  10.9;  3.9;   30;1
1889;10;1889.790;   3.4;  2.6;   31;1
1889;11;1889.874;   0.3;  2.0;   30;1
1889;12;1889.958;  11.2;  4.1;   31;1
1890;01;1890.042;   8.8;  3.6;   31;1
1890;02;1890.123;   1.1;  2.2;   28;1
1890;03;1890.204;   8.5;  3.6;   31;1
1890;04;1890.288;   2.7;  2.5;   30;1
1890;05;1890.371;   7.9;  3.5;   31;1
1890;06;1890.455;   2.2;  2.4;   30;1
1890;07;1890.538;  19.3;  5.1;   31;1
1890;08;1890.623;  14.2;  4.4;   31;1
1890;09;1890.707;  28.6;  6.0;   30;1
1890;10;1890.790;  18.6;  5.0;   31;1
1890;11;1890.874;  15.9;  4.7;   30;1
1890;12;1890.958;  13.1;  4.2;   31;1
1891;01;1891.042;  22.5;  5.5;   31;1
1891;02;1891.123;  36.9;  6.9;   28;1
1891;03;1891.204;  17.2;  4.7;   31;1
1891;04;1891.288;  34.2;  6.6;   30;1
1891;05;1891.371;  68.5;  9.3;   31;1
1891;06;1891.455;  80.4; 10.1;   30;1
1891;07;1891.538;  98.0; 11.1;   31;1
1891;08;1891.623;  55.1;  8.3;   31;1
1891;09;1891.707;  89.7; 10.7;   30;1
1891;10;1891.790;  86.0; 10.4;   31;1
1891;11;1891.874;  69.8;  9.4;   30;1
1891;12;1891.958;  54.3;  8.3;   31;1
1892;01;1892.042; 115.2; 12.1;   31;1
1892;02;1892.124; 126.1; 12.6;   29;1
1892;03;1892.206;  83.3; 10.3;   31;1
1892;04;1892.290; 116.0; 12.1;   30;1
1892;05;1892.373; 132.7; 12.9;   31;1
1892;06;1892.456; 127.3; 12.7;   30;1
1892;07;1892.540; 127.6; 12.7;   31;1
1892;08;1892.624; 169.0; 14.6;   31;1
1892;09;1892.708; 104.7; 11.5;   30;1
1892;10;1892.791; 117.5; 12.2;   31;1
1892;11;1892.874; 108.9; 11.7;   30;1
1892;12;1892.958; 131.0; 12.9;   31;1
1893;01;1893.042; 125.0; 10.0;   31;1
1893;02;1893.123; 121.6;  9.8;   28;1
1893;03;1893.204; 109.5;  9.3;   31;1
1893;04;1893.288; 146.8; 10.8;   30;1
1893;05;1893.371; 141.3; 10.6;   31;1
1893;06;1893.455; 149.8; 10.9;   30;1
1893;07;1893.538; 147.6; 10.9;   31;1
1893;08;1893.623; 215.4; 13.1;   31;1
1893;09;1893.707; 129.9; 10.2;   30;1
1893;10;1893.790; 133.3; 10.3;   31;1
1893;11;1893.874; 125.2; 10.0;   30;1
1893;12;1893.958; 156.4; 11.2;   31;1
1894;01;1894.042; 138.6; 10.5;   31;1
1894;02;1894.123; 141.0; 10.6;   28;1
1894;03;1894.204;  87.1;  8.3;   31;1
1894;04;1894.288; 136.0; 10.4;   30;1
1894;05;1894.371; 168.7; 11.6;   31;1
1894;06;1894.455; 164.8; 11.5;   30;1
1894;07;1894.538; 176.7; 11.9;   31;1
1894;08;1894.623; 117.1;  9.6;   31;1
1894;09;1894.707; 110.0;  9.4;   30;1
1894;10;1894.790; 125.7; 10.0;   31;1
1894;11;1894.874;  94.3;  8.7;   30;1
1894;12;1894.958; 100.1;  8.9;   31;1
1895;01;1895.042; 105.4;  9.2;   31;1
1895;02;1895.123; 112.0;  9.4;   28;1
1895;03;1895.204; 101.6;  9.0;   31;1
1895;04;1895.288; 128.2; 10.1;   30;1
1895;05;1895.371; 112.5;  9.4;   31;1
1895;06;1895.455; 119.1;  9.7;   30;1
1895;07;1895.538;  79.7;  8.0;   31;1
1895;08;1895.623; 114.9;  9.6;   31;1
1895;09;1895.707;  96.1;  8.8;   30;1
1895;10;1895.790; 113.2;  9.5;   31;1
1895;11;1895.874;  78.6;  7.9;   30;1
1895;12;1895.958; 117.9;  9.7;   31;1
1896;01;1896.042;  48.4;  6.2;   31;1
1896;02;1896.124;  95.7;  8.7;   29;1
1896;03;1896.206;  86.5;  8.3;   31;1
1896;04;1896.290;  73.0;  7.6;   30;1
1896;05;1896.373;  46.1;  6.1;   31;1
1896;06;1896.456;  81.7;  8.1;   30;1
1896;07;1896.540;  75.2;  7.7;   31;1
1896;08;1896.624;  45.4;  6.0;   31;1
1896;09;1896.708; 102.2;  9.0;   30;1
1896;10;1896.791;  47.9;  6.2;   31;1
1896;11;1896.874;  63.3;  7.1;   30;1
1896;12;1896.958;  71.0;  7.5;   31;1
1897;01;1897.042;  67.6;  7.3;   31;1
1897;02;1897.123;  49.0;  6.2;   28;1
1897;03;1897.204;  48.7;  6.2;   31;1
1897;04;1897.288;  51.7;  6.4;   30;1
1897;05;1897.371;  33.3;  5.2;   31;1
1897;06;1897.455;  18.9;  4.0;   30;1
1897;07;1897.538;  46.1;  6.1;   31;1
1897;08;1897.623;  36.4;  5.4;   31;1
1897;09;1897.707;  80.4;  8.0;   30;1
1897;10;1897.790;  23.9;  4.5;   31;1
1897;11;1897.874;  14.0;  3.5;   30;1
1897;12;1897.958;  55.5;  6.7;   31;1
1898;01;1898.042;  50.4;  6.3;   31;1
1898;02;1898.123;  60.7;  7.0;   28;1
1898;03;1898.204;  63.9;  7.2;   31;1
1898;04;1898.288;  24.2;  4.5;   30;1
1898;05;1898.371;  43.0;  5.9;   31;1
1898;06;1898.455;  37.1;  5.4;   30;1
1898;07;1898.538;  15.0;  3.7;   31;1
1898;08;1898.623;  52.3;  6.5;   31;1
1898;09;1898.707;  58.1;  6.8;   30;1
1898;10;1898.790;  57.1;  6.8;   31;1
1898;11;1898.874;  51.6;  6.4;   30;1
1898;12;1898.958;  21.1;  4.2;   31;1
1899;01;1899.042;  32.4;  5.1;   31;1
1899;02;1899.123;  15.3;  3.7;   28;1
1899;03;1899.204;  30.3;  5.0;   31;1
1899;04;1899.288;  23.6;  4.4;   30;1
1899;05;1899.371;  12.9;  3.3;   31;1
1899;06;1899.455;  34.1;  5.2;   30;1
1899;07;1899.538;  22.5;  4.4;   31;1
1899;08;1899.623;   4.9;  2.6;   31;1
1899;09;1899.707;  14.0;  3.5;   30;1
1899;10;1899.790;  21.7;  4.4;   31;1
1899;11;1899.874;  13.0;  3.4;   30;1
1899;12;1899.958;  17.6;  3.9;   31;1
1900;01;1900.042;  15.7;  3.7;   31;1
1900;02;1900.123;  22.8;  4.5;   28;1
1900;03;1900.204;  14.4;  3.6;   31;1
1900;04;1900.288;  26.8;  4.6;   30;1
1900;05;1900.371;  25.3;  4.6;   31;1
1900;06;1900.455;  20.1;  4.2;   30;1
1900;07;1900.538;  13.9;  3.6;   31;1
1900;08;1900.623;   7.1;  2.9;   31;1
1900;09;1900.707;  13.9;  3.6;   30;1
1900;10;1900.790;  21.6;  4.3;   31;1
1900;11;1900.874;   7.5;  2.9;   30;1
1900;12;1900.958;   0.5;  2.0;   31;1
1901;01;1901.042;   0.4;  2.0;   31;1
1901;02;1901.123;   4.0;  2.4;   28;1
1901;03;1901.204;   7.4;  3.0;   31;1
1901;04;1901.288;   0.0;  2.0;   30;1
1901;05;1901.371;  17.0;  4.0;   31;1
1901;06;1901.455;   9.7;  3.1;   30;1
1901;07;1901.538;   1.2;  2.1;   31;1
1901;08;1901.623;   1.7;  2.2;   31;1
1901;09;1901.707;   0.9;  2.1;   30;1
1901;10;1901.790;   6.3;  2.8;   31;1
1901;11;1901.874;   6.4;  2.7;   30;1
1901;12;1901.958;   0.0;  2.0;   31;1
1902;01;1902.042;   9.3;  3.2;   31;1
1902;02;1902.123;   0.0;  2.0;   28;1
1902;03;1902.204;  20.7;  4.3;   31;1
1902;04;1902.288;   0.0;  2.0;   30;1
1902;05;1902.371;   4.7;  2.5;   31;1
1902;06;1902.455;   2.4;  2.3;   30;1
1902;07;1902.538;   1.5;  2.2;   31;1
1902;08;1902.623;   3.8;  2.4;   31;1
1902;09;1902.707;  12.6;  3.5;   30;1
1902;10;1902.790;  27.2;  4.7;   31;1
1902;11;1902.874;  17.2;  4.0;   30;1
1902;12;1902.958;   1.8;  2.2;   31;1
1903;01;1903.042;  13.9;  3.5;   31;1
1903;02;1903.123;  28.4;  4.8;   28;1
1903;03;1903.204;  22.5;  4.4;   31;1
1903;04;1903.288;  43.5;  5.9;   30;1
1903;05;1903.371;  24.3;  4.5;   31;1
1903;06;1903.455;  27.2;  4.7;   30;1
1903;07;1903.538;  46.4;  6.1;   31;1
1903;08;1903.623;  48.0;  6.2;   31;1
1903;09;1903.707;  18.5;  4.0;   30;1
1903;10;1903.790;  64.8;  7.2;   31;1
1903;11;1903.874;  74.2;  7.7;   30;1
1903;12;1903.958;  76.2;  7.8;   31;1
1904;01;1904.042;  52.6;  6.5;   31;1
1904;02;1904.124;  40.8;  5.7;   29;1
1904;03;1904.206;  61.9;  7.0;   31;1
1904;04;1904.290;  71.6;  7.6;   30;1
1904;05;1904.373;  65.7;  7.2;   31;1
1904;06;1904.456;  69.8;  7.5;   30;1
1904;07;1904.540;  84.3;  8.2;   31;1
1904;08;1904.624;  97.1;  8.8;   31;1
1904;09;1904.708;  50.2;  6.3;   30;1
1904;10;1904.791;  90.4;  8.5;   31;1
1904;11;1904.874;  63.4;  7.1;   30;1
1904;12;1904.958;  91.1;  8.5;   31;1
1905;01;1905.042;  91.2;  8.5;   31;1
1905;02;1905.123; 143.0; 10.7;   28;1
1905;03;1905.204;  94.3;  8.7;   31;1
1905;04;1905.288;  65.5;  7.2;   30;1
1905;05;1905.371;  79.9;  8.0;   31;1
1905;06;1905.455;  81.6;  8.1;   30;1
1905;07;1905.538; 121.6;  9.8;   31;1
1905;08;1905.623;  98.1;  8.8;   31;1
1905;09;1905.707;  91.8;  8.5;   30;1
1905;10;1905.790; 131.2; 10.2;   31;1
1905;11;1905.874; 178.7; 11.9;   30;1
1905;12;1905.958;  92.5;  8.6;   31;1
1906;01;1906.042;  75.8;  7.8;   31;1
1906;02;1906.123;  52.3;  6.5;   28;1
1906;03;1906.204; 107.4;  9.2;   31;1
1906;04;1906.288;  92.2;  8.6;   30;1
1906;05;1906.371;  96.2;  8.7;   31;1
1906;06;1906.455; 105.3;  9.2;   30;1
1906;07;1906.538; 172.7; 11.7;   31;1
1906;08;1906.623;  79.6;  8.0;   31;1
1906;09;1906.707;  93.5;  8.6;   30;1
1906;10;1906.790;  29.7;  4.9;   31;1
1906;11;1906.874;  64.8;  7.2;   30;1
1906;12;1906.958; 108.0;  9.3;   31;1
1907;01;1907.042; 127.4; 10.1;   31;1
1907;02;1907.123; 180.3; 12.0;   28;1
1907;03;1907.204; 101.1;  9.0;   31;1
1907;04;1907.288;  87.6;  8.4;   30;1
1907;05;1907.371;  71.4;  7.5;   31;1
1907;06;1907.455;  67.2;  7.3;   30;1
1907;07;1907.538;  82.9;  8.1;   31;1
1907;08;1907.623;  90.5;  8.5;   31;1
1907;09;1907.707; 141.7; 10.6;   30;1
1907;10;1907.790; 109.1;  9.3;   31;1
1907;11;1907.874; 102.5;  9.0;   30;1
1907;12;1907.958;  78.9;  7.9;   31;1
1908;01;1908.042;  65.4;  7.2;   31;1
1908;02;1908.124;  56.6;  6.7;   29;1
1908;03;1908.206;  47.9;  6.2;   31;1
1908;04;1908.290;  96.1;  8.7;   30;1
1908;05;1908.373;  68.0;  7.4;   31;1
1908;06;1908.456;  80.2;  8.0;   30;1
1908;07;1908.540;  65.8;  7.2;   31;1
1908;08;1908.624; 150.9; 11.0;   31;1
1908;09;1908.708; 144.9; 10.7;   30;1
1908;10;1908.791;  53.9;  6.6;   31;1
1908;11;1908.874;  75.9;  7.8;   30;1
1908;12;1908.958;  65.9;  7.2;   31;1
1909;01;1909.042;  94.6;  8.7;   31;1
1909;02;1909.123;  77.6;  7.9;   28;1
1909;03;1909.204; 110.5;  9.4;   31;1
1909;04;1909.288;  53.7;  6.5;   30;1
1909;05;1909.371;  60.0;  6.9;   31;1
1909;06;1909.455;  37.8;  5.5;   30;1
1909;07;1909.538;  59.6;  6.9;   31;1
1909;08;1909.623;  38.5;  5.5;   31;1
1909;09;1909.707;  64.7;  7.2;   30;1
1909;10;1909.790;  97.4;  8.8;   31;1
1909;11;1909.874;  93.0;  8.6;   30;1
1909;12;1909.958;  90.2;  8.5;   31;1
1910;01;1910.042;  44.0;  5.9;   31;1
1910;02;1910.123;  52.5;  6.5;   28;1
1910;03;1910.204;  35.7;  5.3;   31;1
1910;04;1910.288;  14.1;  3.5;   30;1
1910;05;1910.371;  36.9;  5.4;   31;1
1910;06;1910.455;  20.5;  4.1;   30;1
1910;07;1910.538;  23.5;  4.4;   31;1
1910;08;1910.623;  19.3;  4.1;   31;1
1910;09;1910.707;  43.7;  5.9;   30;1
1910;10;1910.790;  63.9;  7.1;   31;1
1910;11;1910.874;   8.3;  3.0;   30;1
1910;12;1910.958;   9.6;  3.1;   31;1
1911;01;1911.042;   5.6;  2.6;   31;1
1911;02;1911.123;  15.0;  3.7;   28;1
1911;03;1911.204;  13.0;  3.5;   31;1
1911;04;1911.288;  27.6;  4.7;   30;1
1911;05;1911.371;  15.1;  3.7;   31;1
1911;06;1911.455;   3.7;  2.4;   30;1
1911;07;1911.538;   5.9;  2.7;   31;1
1911;08;1911.623;   6.7;  2.7;   31;1
1911;09;1911.707;   6.7;  2.8;   30;1
1911;10;1911.790;   4.5;  2.5;   31;1
1911;11;1911.874;   7.0;  2.7;   30;1
1911;12;1911.958;   3.7;  2.4;   31;1
1912;01;1912.042;   0.4;  2.1;   31;1
1912;02;1912.124;   0.0;  2.0;   29;1
1912;03;1912.206;   8.2;  2.9;   31;1
1912;04;1912.290;   7.6;  3.0;   30;1
1912;05;1912.373;   7.4;  2.8;   31;1
1912;06;1912.456;   6.9;  2.7;   30;1
1912;07;1912.540;   4.9;  2.6;   31;1
1912;08;1912.624;   0.5;  2.1;   31;1
1912;09;1912.708;  15.9;  3.7;   30;1
1912;10;1912.791;   7.6;  3.0;   31;1
1912;11;1912.874;   1.9;  2.3;   30;1
1912;12;1912.958;  10.6;  3.3;   31;1
1913;01;1913.042;   3.8;  2.4;   31;1
1913;02;1913.123;   4.8;  2.6;   28;1
1913;03;1913.204;   0.8;  2.1;   31;1
1913;04;1913.288;   1.6;  2.2;   30;1
1913;05;1913.371;   0.0;  2.0;   31;1
1913;06;1913.455;   0.0;  2.0;   30;1
1913;07;1913.538;   2.9;  2.4;   31;1
1913;08;1913.623;   0.4;  2.0;   31;1
1913;09;1913.707;   2.0;  2.3;   30;1
1913;10;1913.790;   5.2;  2.6;   31;1
1913;11;1913.874;   1.2;  2.1;   30;1
1913;12;1913.958;   6.3;  2.8;   31;1
1914;01;1914.042;   4.7;  2.6;   31;1
1914;02;1914.123;   4.4;  2.5;   28;1
1914;03;1914.204;   5.3;  2.6;   31;1
1914;04;1914.288;  28.9;  4.8;   30;1
1914;05;1914.371;   8.7;  3.1;   31;1
1914;06;1914.455;  19.1;  4.1;   30;1
1914;07;1914.538;   9.1;  3.0;   31;1
1914;08;1914.623;  12.9;  3.5;   31;1
1914;09;1914.707;  21.2;  4.2;   30;1
1914;10;1914.790;  13.7;  3.5;   31;1
1914;11;1914.874;  27.3;  4.7;   30;1
1914;12;1914.958;  37.3;  5.4;   31;1
1915;01;1915.042;  38.5;  5.5;   31;1
1915;02;1915.123;  70.4;  7.5;   28;1
1915;03;1915.204;  64.8;  7.2;   31;1
1915;04;1915.288;  68.9;  7.4;   30;1
1915;05;1915.371;  55.1;  6.7;   31;1
1915;06;1915.455; 114.7;  9.5;   30;1
1915;07;1915.538; 119.4;  9.7;   31;1
1915;08;1915.623; 116.0;  9.6;   31;1
1915;09;1915.707;  82.4;  8.1;   30;1
1915;10;1915.790;  89.1;  8.4;   31;1
1915;11;1915.874;  70.9;  7.5;   30;1
1915;12;1915.958;  57.5;  6.8;   31;1
1916;01;1916.042;  75.5;  7.8;   31;1
1916;02;1916.124;  92.4;  8.6;   29;1
1916;03;1916.206; 111.7;  9.4;   31;1
1916;04;1916.290; 119.8;  9.8;   30;1
1916;05;1916.373; 124.0;  9.9;   31;1
1916;06;1916.456; 112.9;  9.5;   30;1
1916;07;1916.540;  89.3;  8.4;   31;1
1916;08;1916.624;  58.6;  6.9;   31;1
1916;09;1916.708;  75.1;  7.7;   30;1
1916;10;1916.791;  84.5;  8.2;   31;1
1916;11;1916.874; 109.5;  9.3;   30;1
1916;12;1916.958;  88.3;  8.4;   31;1
1917;01;1917.042; 124.5; 10.0;   31;1
1917;02;1917.123; 119.9;  9.8;   28;1
1917;03;1917.204; 158.0; 11.2;   31;1
1917;04;1917.288; 124.6; 10.0;   30;1
1917;05;1917.371; 190.2; 12.3;   31;1
1917;06;1917.455; 191.4; 12.3;   30;1
1917;07;1917.538; 199.7; 12.6;   31;1
1917;08;1917.623; 257.7; 14.3;   31;1
1917;09;1917.707; 215.6; 13.1;   30;1
1917;10;1917.790; 120.3;  9.8;   31;1
1917;11;1917.874; 160.7; 11.3;   30;1
1917;12;1917.958; 215.5; 13.1;   31;1
1918;01;1918.042; 160.0; 11.3;   31;1
1918;02;1918.123; 108.7;  9.3;   28;1
1918;03;1918.204; 120.4;  9.8;   31;1
1918;04;1918.288; 134.1; 10.3;   30;1
1918;05;1918.371; 127.9; 10.1;   31;1
1918;06;1918.455;  99.0;  8.9;   30;1
1918;07;1918.538; 179.5; 11.9;   31;1
1918;08;1918.623; 169.6; 11.6;   31;1
1918;09;1918.707; 133.2; 10.3;   30;1
1918;10;1918.790; 141.7; 10.6;   31;1
1918;11;1918.874; 139.0; 10.5;   30;1
1918;12;1918.958;  98.5;  8.9;   31;1
1919;01;1919.042;  80.2;  8.0;   31;1
1919;02;1919.123; 132.5; 10.3;   28;1
1919;03;1919.204; 110.9;  9.4;   31;1
1919;04;1919.288;  86.3;  8.3;   30;1
1919;05;1919.371; 146.9; 10.8;   31;1
1919;06;1919.455; 185.3; 12.1;   30;1
1919;07;1919.538; 107.8;  9.3;   31;1
1919;08;1919.623; 115.1;  9.6;   31;1
1919;09;1919.707;  91.1;  8.5;   30;1
1919;10;1919.790;  88.0;  8.4;   31;1
1919;11;1919.874;  69.9;  7.5;   30;1
1919;12;1919.958;  58.0;  6.8;   31;1
1920;01;1920.042;  85.3;  8.2;   31;1
1920;02;1920.124;  89.8;  8.5;   29;1
1920;03;1920.206; 116.9;  9.6;   31;1
1920;04;1920.290;  24.7;  4.5;   30;1
1920;05;1920.373;  55.4;  6.6;   31;1
1920;06;1920.456;  64.6;  7.2;   30;1
1920;07;1920.540;  45.7;  6.0;   31;1
1920;08;1920.624;  31.9;  5.1;   31;1
1920;09;1920.708;  60.5;  7.0;   30;1
1920;10;1920.791;  82.7;  8.1;   31;1
1920;11;1920.874;  45.3;  6.0;   30;1
1920;12;1920.958;  49.8;  6.3;   31;1
1921;01;1921.042;  52.5;  6.5;   31;1
1921;02;1921.123;  47.1;  6.1;   28;1
1921;03;1921.204;  44.5;  6.0;   31;1
1921;04;1921.288;  54.0;  6.6;   30;1
1921;05;1921.371;  37.0;  5.5;   31;1
1921;06;1921.455;  56.2;  6.7;   30;1
1921;07;1921.538;  69.7;  7.4;   31;1
1921;08;1921.623;  38.0;  5.5;   31;1
1921;09;1921.707;  29.6;  4.9;   30;1
1921;10;1921.790;  30.3;  5.0;   31;1
1921;11;1921.874;  29.6;  5.0;   30;1
1921;12;1921.958;  33.9;  5.3;   31;1
1922;01;1922.042;  19.7;  4.1;   31;1
1922;02;1922.123;  43.9;  6.0;   28;1
1922;03;1922.204;  91.3;  8.5;   31;1
1922;04;1922.288;  18.3;  4.0;   30;1
1922;05;1922.371;  13.4;  3.5;   31;1
1922;06;1922.455;   9.8;  3.1;   30;1
1922;07;1922.538;  18.3;  4.0;   31;1
1922;08;1922.623;  10.9;  3.3;   31;1
1922;09;1922.707;   7.8;  2.8;   30;1
1922;10;1922.790;  10.4;  3.2;   31;1
1922;11;1922.874;  12.2;  3.3;   30;1
1922;12;1922.958;  29.0;  5.0;   31;1
1923;01;1923.042;   7.5;  3.0;   31;1
1923;02;1923.123;   2.5;  2.3;   28;1
1923;03;1923.204;   5.5;  2.6;   31;1
1923;04;1923.288;  10.2;  3.1;   30;1
1923;05;1923.371;   5.3;  2.6;   31;1
1923;06;1923.455;  15.3;  3.7;   30;1
1923;07;1923.538;   5.9;  2.7;   31;1
1923;08;1923.623;   0.8;  2.1;   31;1
1923;09;1923.707;  22.1;  4.2;   30;1
1923;10;1923.790;  19.5;  4.0;   31;1
1923;11;1923.874;  16.7;  3.8;   30;1
1923;12;1923.958;   4.6;  2.6;   31;1
1924;01;1924.042;   0.8;  2.1;   31;1
1924;02;1924.124;   8.5;  3.1;   29;1
1924;03;1924.206;   3.0;  2.4;   31;1
1924;04;1924.290;  18.9;  4.2;   30;1
1924;05;1924.373;  34.6;  5.3;   31;1
1924;06;1924.456;  40.0;  5.6;   30;1
1924;07;1924.540;  46.9;  6.1;   31;1
1924;08;1924.624;  32.1;  5.1;   31;1
1924;09;1924.708;  41.9;  5.8;   30;1
1924;10;1924.791;  42.6;  5.8;   31;1
1924;11;1924.874;  37.5;  5.6;   30;1
1924;12;1924.958;  27.5;  4.8;   31;1
1925;01;1925.042;   9.1;  3.1;   31;1
1925;02;1925.123;  38.6;  5.6;   28;1
1925;03;1925.204;  30.0;  5.0;   31;1
1925;04;1925.288;  53.0;  6.5;   30;1
1925;05;1925.371;  71.4;  7.5;   31;1
1925;06;1925.455;  79.1;  7.9;   30;1
1925;07;1925.538;  64.2;  7.2;   31;1
1925;08;1925.623;  63.3;  7.1;   31;1
1925;09;1925.707; 100.3;  8.9;   30;1
1925;10;1925.790; 115.3;  9.6;   31;1
1925;11;1925.874;  97.6;  8.8;   30;1
1925;12;1925.958; 164.4; 11.4;   31;1
1926;01;1926.042; 119.7;  9.8;   31;1
1926;02;1926.123; 116.4;  9.6;   28;1
1926;03;1926.204; 104.2;  9.1;   31;1
1926;04;1926.288;  64.2;  7.2;   30;1
1926;05;1926.371; 107.0;  9.2;   31;1
1926;06;1926.455; 122.4;  9.9;   30;1
1926;07;1926.538;  87.2;  8.3;   31;1
1926;08;1926.623; 102.7;  9.0;   31;1
1926;09;1926.707; 101.4;  9.0;   30;1
1926;10;1926.790; 119.3;  9.7;   31;1
1926;11;1926.874; 100.8;  9.0;   30;1
1926;12;1926.958; 132.4; 10.3;   31;1
1927;01;1927.042; 136.0; 10.4;   31;1
1927;02;1927.123; 155.1; 11.1;   28;1
1927;03;1927.204; 116.1;  9.6;   31;1
1927;04;1927.288; 155.8; 11.1;   30;1
1927;05;1927.371; 131.9; 10.2;   31;1
1927;06;1927.455;  98.5;  8.8;   30;1
1927;07;1927.538;  91.6;  8.5;   31;1
1927;08;1927.623;  89.6;  8.4;   31;1
1927;09;1927.707; 114.1;  9.5;   30;1
1927;10;1927.790; 105.2;  9.1;   31;1
1927;11;1927.874; 112.1;  9.4;   30;1
1927;12;1927.958;  75.3;  7.7;   31;1
1928;01;1928.042; 139.2; 10.5;   31;1
1928;02;1928.124; 122.4;  9.9;   29;1
1928;03;1928.206; 142.4; 10.7;   31;1
1928;04;1928.290; 134.3; 10.3;   30;1
1928;05;1928.373; 128.3; 10.1;   31;1
1928;06;1928.456; 152.4; 11.0;   30;1
1928;07;1928.540; 163.4; 11.4;   31;1
1928;08;1928.624; 139.6; 10.5;   31;1
1928;09;1928.708; 149.6; 10.9;   30;1
1928;10;1928.791; 102.3;  9.0;   31;1
1928;11;1928.874;  83.9;  8.2;   30;1
1928;12;1928.958;  98.3;  8.8;   31;1
1929;01;1929.042; 114.8;  9.6;   31;1
1929;02;1929.123; 104.7;  9.1;   28;1
1929;03;1929.204;  83.8;  8.2;   31;1
1929;04;1929.288;  87.9;  8.4;   30;1
1929;05;1929.371;  97.0;  8.8;   31;1
1929;06;1929.455; 119.9;  9.8;   30;1
1929;07;1929.538; 117.1;  9.6;   31;1
1929;08;1929.623; 109.6;  9.3;   31;1
1929;09;1929.707;  57.3;  6.8;   30;1
1929;10;1929.790;  90.1;  8.5;   31;1
1929;11;1929.874; 135.1; 10.4;   30;1
1929;12;1929.958; 179.9; 12.0;   31;1
1930;01;1930.042; 108.8;  9.3;   31;1
1930;02;1930.123;  83.1;  8.1;   28;1
1930;03;1930.204;  58.4;  6.8;   31;1
1930;04;1930.288;  63.7;  7.1;   30;1
1930;05;1930.371;  61.4;  7.0;   31;1
1930;06;1930.455;  48.0;  6.2;   30;1
1930;07;1930.538;  36.5;  5.4;   31;1
1930;08;1930.623;  41.5;  5.7;   31;1
1930;09;1930.707;  53.5;  6.5;   30;1
1930;10;1930.790;  57.2;  6.8;   31;1
1930;11;1930.874;  59.4;  6.9;   30;1
1930;12;1930.958;  43.0;  5.9;   31;1
1931;01;1931.042;  24.4;  4.5;   31;1
1931;02;1931.123;  71.8;  7.6;   28;1
1931;03;1931.204;  50.1;  6.3;   31;1
1931;04;1931.288;  52.0;  6.4;   30;1
1931;05;1931.371;  40.8;  5.7;   31;1
1931;06;1931.455;  25.5;  4.7;   30;1
1931;07;1931.538;  29.0;  4.8;   31;1
1931;08;1931.623;  21.6;  4.3;   31;1
1931;09;1931.707;  31.7;  5.0;   30;1
1931;10;1931.790;  16.6;  3.7;   31;1
1931;11;1931.874;  31.2;  5.1;   30;1
1931;12;1931.958;  29.7;  4.9;   31;1
1932;01;1932.042;  20.1;  4.1;   31;1
1932;02;1932.124;  17.6;  3.9;   29;1
1932;03;1932.206;  18.8;  4.0;   31;1
1932;04;1932.290;  18.7;  4.1;   30;1
1932;05;1932.373;  29.7;  4.9;   31;1
1932;06;1932.456;  36.9;  5.4;   30;1
1932;07;1932.540;  16.0;  3.8;   31;1
1932;08;1932.624;  11.3;  3.3;   31;1
1932;09;1932.708;   6.6;  2.7;   30;1
1932;10;1932.791;  14.8;  3.5;   31;1
1932;11;1932.874;  13.7;  3.5;   30;1
1932;12;1932.958;  18.5;  3.9;   31;1
1933;01;1933.042;  20.4;  4.2;   31;1
1933;02;1933.123;  36.9;  5.6;   28;1
1933;03;1933.204;  16.8;  3.8;   31;1
1933;04;1933.288;   4.9;  2.6;   30;1
1933;05;1933.371;   5.3;  2.6;   31;1
1933;06;1933.455;   8.7;  3.0;   30;1
1933;07;1933.538;   4.7;  2.6;   31;1
1933;08;1933.623;   0.4;  2.0;   31;1
1933;09;1933.707;   8.5;  3.0;   30;1
1933;10;1933.790;   5.0;  2.6;   31;1
1933;11;1933.874;   1.0;  2.1;   30;1
1933;12;1933.958;   0.4;  2.1;   31;1
1934;01;1934.042;   5.7;  2.7;   31;1
1934;02;1934.123;  12.9;  3.4;   28;1
1934;03;1934.204;   7.2;  2.8;   31;1
1934;04;1934.288;  18.8;  4.0;   30;1
1934;05;1934.371;  32.9;  5.2;   31;1
1934;06;1934.455;  11.2;  3.3;   30;1
1934;07;1934.538;  15.3;  3.7;   31;1
1934;08;1934.623;  13.9;  3.6;   31;1
1934;09;1934.707;   6.7;  2.8;   30;1
1934;10;1934.790;   9.5;  3.0;   31;1
1934;11;1934.874;  14.5;  3.6;   30;1
1934;12;1934.958;  25.7;  4.7;   31;1
1935;01;1935.042;  31.1;  5.0;   31;1
1935;02;1935.123;  34.1;  5.2;   28;1
1935;03;1935.204;  38.5;  5.6;   31;1
1935;04;1935.288;  20.4;  4.2;   30;1
1935;05;1935.371;  45.4;  6.1;   31;1
1935;06;1935.455;  76.2;  7.8;   30;1
1935;07;1935.538;  56.5;  6.7;   31;1
1935;08;1935.623;  50.2;  6.3;   31;1
1935;09;1935.707;  70.1;  7.5;   30;1
1935;10;1935.790;  88.7;  8.4;   31;1
1935;11;1935.874; 107.0;  9.2;   30;1
1935;12;1935.958; 102.5;  9.0;   31;1
1936;01;1936.042; 104.7;  9.1;   31;1
1936;02;1936.124; 123.9;  9.9;   29;1
1936;03;1936.206; 128.4; 10.1;   31;1
1936;04;1936.290; 124.8; 10.0;   30;1
1936;05;1936.373;  90.9;  8.5;   31;1
1936;06;1936.456; 116.7;  9.6;   30;1
1936;07;1936.540;  87.2;  8.3;   31;1
1936;08;1936.624; 145.0; 10.7;   31;1
1936;09;1936.708; 126.7; 10.0;   30;1
1936;10;1936.791; 148.2; 10.9;   31;1
1936;11;1936.874; 192.3; 12.4;   30;1
1936;12;1936.958; 205.6; 12.8;   31;1
1937;01;1937.042; 220.9; 13.3;   31;1
1937;02;1937.123; 214.1; 13.0;   28;1
1937;03;1937.204; 139.7; 10.5;   31;1
1937;04;1937.288; 182.2; 12.0;   30;1
1937;05;1937.371; 194.4; 12.4;   31;1
1937;06;1937.455; 217.1; 13.1;   30;1
1937;07;1937.538; 241.8; 13.9;   31;1
1937;08;1937.623; 229.5; 13.5;   31;1
1937;09;1937.707; 167.9; 11.6;   30;1
1937;10;1937.790; 208.2; 12.9;   31;1
1937;11;1937.874; 123.9;  9.9;   30;1
1937;12;1937.958; 147.9; 10.8;   31;1
1938;01;1938.042; 164.0; 11.4;   31;1
1938;02;1938.123; 198.6; 12.6;   28;1
1938;03;1938.204; 144.2; 10.7;   31;1
1938;04;1938.288; 168.4; 11.6;   30;1
1938;05;1938.371; 212.3; 13.0;   31;1
1938;06;1938.455; 162.6; 11.4;   30;1
1938;07;1938.538; 275.6; 14.8;   31;1
1938;08;1938.623; 192.8; 12.4;   31;1
1938;09;1938.707; 149.3; 10.9;   30;1
1938;10;1938.790; 165.3; 11.5;   31;1
1938;11;1938.874; 203.6; 12.7;   30;1
1938;12;1938.958; 154.7; 11.1;   31;1
1939;01;1939.042; 133.9; 10.3;   31;1
1939;02;1939.123; 129.0; 10.1;   28;1
1939;03;1939.204; 107.8;  9.3;   31;1
1939;04;1939.288; 181.9; 12.0;   30;1
1939;05;1939.371; 197.3; 12.5;   31;1
1939;06;1939.455; 168.3; 11.6;   30;1
1939;07;1939.538; 162.6; 11.4;   31;1
1939;08;1939.623; 176.3; 11.8;   31;1
1939;09;1939.707; 187.7; 12.2;   30;1
1939;10;1939.790; 146.9; 10.8;   31;1
1939;11;1939.874; 113.7;  9.5;   30;1
1939;12;1939.958;  70.2;  7.5;   31;1
1940;01;1940.042;  84.1;  8.2;   31;1
1940;02;1940.124;  99.1;  8.9;   29;1
1940;03;1940.206; 138.9; 10.5;   31;1
1940;04;1940.290; 101.1;  9.0;   30;1
1940;05;1940.373;  90.6;  8.5;   31;1
1940;06;1940.456; 139.8; 10.5;   30;1
1940;07;1940.540; 112.5;  9.5;   31;1
1940;08;1940.624; 175.9; 11.8;   31;1
1940;09;1940.708; 110.8;  9.4;   30;1
1940;10;1940.791;  91.5;  8.5;   31;1
1940;11;1940.874;  97.4;  8.8;   30;1
1940;12;1940.958; 113.8;  9.5;   31;1
1941;01;1941.042;  76.1;  7.8;   31;1
1941;02;1941.123;  74.3;  7.7;   28;1
1941;03;1941.204;  77.5;  7.8;   31;1
1941;04;1941.288;  54.6;  6.6;   30;1
1941;05;1941.371;  49.0;  6.3;   31;1
1941;06;1941.455;  99.6;  8.9;   30;1
1941;07;1941.538; 111.4;  9.4;   31;1
1941;08;1941.623; 100.1;  8.9;   31;1
1941;09;1941.707; 109.8;  9.4;   30;1
1941;10;1941.790;  77.2;  7.8;   31;1
1941;11;1941.874;  64.0;  7.2;   30;1
1941;12;1941.958;  56.2;  6.7;   31;1
1942;01;1942.042;  59.5;  6.9;   31;1
1942;02;1942.123;  87.9;  8.4;   28;1
1942;03;1942.204;  90.4;  8.5;   31;1
1942;04;1942.288; 101.2;  9.0;   30;1
1942;05;1942.371;  41.8;  5.8;   31;1
1942;06;1942.455;  18.9;  4.0;   30;1
1942;07;1942.538;  29.6;  4.9;   31;1
1942;08;1942.623;  33.7;  5.2;   31;1
1942;09;1942.707;  28.7;  4.8;   30;1
1942;10;1942.790;  32.0;  5.1;   31;1
1942;11;1942.874;  51.3;  6.4;   30;1
1942;12;1942.958;  37.6;  5.5;   31;1
1943;01;1943.042;  20.7;  4.1;   31;1
1943;02;1943.123;  48.1;  6.2;   28;1
1943;03;1943.204;  45.7;  6.0;   31;1
1943;04;1943.288;  43.5;  5.9;   30;1
1943;05;1943.371;  23.6;  4.3;   31;1
1943;06;1943.455;  12.7;  3.4;   30;1
1943;07;1943.538;  22.0;  4.3;   31;1
1943;08;1943.623;  32.3;  5.1;   31;1
1943;09;1943.707;  16.7;  3.9;   30;1
1943;10;1943.790;  13.0;  3.4;   31;1
1943;11;1943.874;  17.0;  3.9;   30;1
1943;12;1943.958;  31.4;  5.1;   31;1
1944;01;1944.042;   6.1;  2.7;   31;1
1944;02;1944.124;   0.8;  2.1;   29;1
1944;03;1944.206;  18.3;  4.0;   31;1
1944;04;1944.290;   0.4;  2.1;   30;1
1944;05;1944.373;   4.1;  2.6;   31;1
1944;06;1944.456;   8.2;  2.8;   30;1
1944;07;1944.540;   8.5;  2.9;   31;1
1944;08;1944.624;  27.9;  4.8;   31;1
1944;09;1944.708;  23.7;  4.4;   30;1
1944;10;1944.791;  28.1;  4.8;   31;1
1944;11;1944.874;  17.9;  3.9;   30;1
1944;12;1944.958;  47.4;  6.2;   31;1
1945;01;1945.042;  30.8;  5.0;   31;1
1945;02;1945.123;  21.2;  4.2;   28;1
1945;03;1945.204;  35.9;  5.4;   31;1
1945;04;1945.288;  53.4;  6.5;   30;1
1945;05;1945.371;  51.0;  6.4;   31;1
1945;06;1945.455;  60.2;  6.9;   30;1
1945;07;1945.538;  71.0;  7.5;   31;1
1945;08;1945.623;  43.1;  5.9;   31;1
1945;09;1945.707;  58.1;  6.8;   30;1
1945;10;1945.790; 114.5;  9.5;   31;1
1945;11;1945.874;  76.6;  7.8;   30;1
1945;12;1945.958;  45.7;  6.0;   31;1
1946;01;1946.042;  79.3;  7.9;   31;1
1946;02;1946.123; 143.8; 10.7;   28;1
1946;03;1946.204; 127.7; 10.1;   31;1
1946;04;1946.288; 126.1; 10.0;   30;1
1946;05;1946.371; 141.6; 10.6;   31;1
1946;06;1946.455; 122.6;  9.9;   30;1
1946;07;1946.538; 193.7; 12.4;   31;1
1946;08;1946.623; 178.7; 11.9;   31;1
1946;09;1946.707; 157.4; 11.2;   30;1
1946;10;1946.790; 170.5; 11.6;   31;1
1946;11;1946.874; 206.3; 12.8;   30;1
1946;12;1946.958; 202.9; 12.7;   31;1
1947;01;1947.042; 163.7;  8.5;   31;1
1947;02;1947.123; 188.9;  9.2;   28;1
1947;03;1947.204; 183.8;  9.1;   31;1
1947;04;1947.288; 212.1;  9.7;   30;1
1947;05;1947.371; 285.0; 11.3;   31;1
1947;06;1947.455; 232.1; 10.2;   30;1
1947;07;1947.538; 223.5; 10.0;   31;1
1947;08;1947.623; 267.4; 10.9;   31;1
1947;09;1947.707; 239.9; 10.4;   30;1
1947;10;1947.790; 231.7; 10.2;   31;1
1947;11;1947.874; 181.3;  9.0;   30;1
1947;12;1947.958; 164.9;  8.6;   31;1
1948;01;1948.042; 153.6;  8.3;   31;1
1948;02;1948.124; 122.0;  7.4;   29;1
1948;03;1948.206; 134.3;  7.7;   31;1
1948;04;1948.290; 268.5; 11.0;   30;1
1948;05;1948.373; 246.4; 10.5;   31;1
1948;06;1948.456; 237.5; 10.3;   30;1
1948;07;1948.540; 201.4;  9.5;   31;1
1948;08;1948.624; 223.7; 10.0;   31;1
1948;09;1948.708; 202.9;  9.5;   30;1
1948;10;1948.791; 192.9;  9.3;   31;1
1948;11;1948.874; 135.6;  7.8;   30;1
1948;12;1948.958; 195.3;  9.3;   31;1
1949;01;1949.042; 168.6;  8.7;   31;1
1949;02;1949.123; 258.0; 10.8;   28;1
1949;03;1949.204; 223.0; 10.0;   31;1
1949;04;1949.288; 208.1;  9.7;   30;1
1949;05;1949.371; 150.4;  8.2;   31;1
1949;06;1949.455; 172.4;  8.8;   30;1
1949;07;1949.538; 178.3;  8.9;   31;1
1949;08;1949.623; 175.3;  8.9;   31;1
1949;09;1949.707; 205.8;  9.6;   30;1
1949;10;1949.790; 186.3;  9.1;   31;1
1949;11;1949.874; 203.2;  9.5;   30;1
1949;12;1949.958; 166.6;  8.6;   31;1
1950;01;1950.042; 143.9;  8.0;   31;1
1950;02;1950.123; 134.3;  7.7;   28;1
1950;03;1950.204; 155.4;  8.3;   31;1
1950;04;1950.288; 160.6;  8.5;   30;1
1950;05;1950.371; 150.5;  8.2;   31;1
1950;06;1950.455; 118.3;  7.3;   30;1
1950;07;1950.538; 128.9;  7.6;   31;1
1950;08;1950.623; 120.6;  7.3;   31;1
1950;09;1950.707;  72.7;  5.7;   30;1
1950;10;1950.790;  87.0;  6.2;   31;1
1950;11;1950.874;  77.7;  5.9;   30;1
1950;12;1950.958;  76.7;  5.9;   31;1
1951;01;1951.042;  85.0;  6.2;   31;1
1951;02;1951.123;  84.8;  6.1;   28;1
1951;03;1951.204;  79.3;  5.9;   31;1
1951;04;1951.288; 131.7;  7.7;   30;1
1951;05;1951.371; 153.7;  8.3;   31;1
1951;06;1951.455; 142.4;  8.0;   30;1
1951;07;1951.538;  87.2;  6.2;   31;1
1951;08;1951.623;  86.5;  6.2;   31;1
1951;09;1951.707; 117.7;  7.2;   30;1
1951;10;1951.790;  73.3;  5.7;   31;1
1951;11;1951.874;  74.2;  5.7;   30;1
1951;12;1951.958;  65.0;  5.4;   31;1
1952;01;1952.042;  57.9;  5.1;   31;1
1952;02;1952.124;  32.4;  3.8;   29;1
1952;03;1952.206;  31.5;  3.8;   31;1
1952;04;1952.290;  41.7;  4.3;   30;1
1952;05;1952.373;  33.6;  3.9;   31;1
1952;06;1952.456;  52.0;  4.8;   30;1
1952;07;1952.540;  56.1;  5.0;   31;1
1952;08;1952.624;  77.8;  5.9;   31;1
1952;09;1952.708;  40.4;  4.3;   30;1
1952;10;1952.791;  34.2;  3.9;   31;1
1952;11;1952.874;  31.8;  3.8;   30;1
1952;12;1952.958;  48.9;  4.7;   31;1
1953;01;1953.042;  37.9;  4.1;   31;1
1953;02;1953.123;   5.9;  1.7;   28;1
1953;03;1953.204;  14.7;  2.6;   31;1
1953;04;1953.288;  39.6;  4.2;   30;1
1953;05;1953.371;  18.3;  2.9;   31;1
1953;06;1953.455;  31.5;  3.8;   30;1
1953;07;1953.538;  12.7;  2.4;   31;1
1953;08;1953.623;  33.6;  3.9;   31;1
1953;09;1953.707;  28.0;  3.6;   30;1
1953;10;1953.790;  12.3;  2.4;   31;1
1953;11;1953.874;   2.5;  1.1;   30;1
1953;12;1953.958;   3.9;  1.3;   31;1
1954;01;1954.042;   0.4;  0.4;   31;1
1954;02;1954.123;   0.8;  0.6;   28;1
1954;03;1954.204;  15.8;  2.7;   31;1
1954;04;1954.288;   2.7;  1.1;   30;1
1954;05;1954.371;   1.2;  0.7;   31;1
1954;06;1954.455;   0.4;  0.4;   30;1
1954;07;1954.538;   7.3;  1.9;   31;1
1954;08;1954.623;  12.6;  2.4;   31;1
1954;09;1954.707;   2.3;  1.0;   30;1
1954;10;1954.790;  10.5;  2.2;   31;1
1954;11;1954.874;  13.4;  2.5;   30;1
1954;12;1954.958;  11.3;  2.3;   31;1
1955;01;1955.042;  33.4;  3.9;   31;1
1955;02;1955.123;  29.9;  3.7;   28;1
1955;03;1955.204;   7.3;  1.9;   31;1
1955;04;1955.288;  16.4;  2.7;   30;1
1955;05;1955.371;  41.3;  4.3;   31;1
1955;06;1955.455;  45.2;  4.5;   30;1
1955;07;1955.538;  38.2;  4.1;   31;1
1955;08;1955.623;  58.0;  5.1;   31;1
1955;09;1955.707;  60.8;  5.2;   30;1
1955;10;1955.790;  83.0;  6.1;   31;1
1955;11;1955.874; 126.3;  7.5;   30;1
1955;12;1955.958; 108.8;  6.9;   31;1
1956;01;1956.042; 104.1;  6.8;   31;1
1956;02;1956.124; 175.6;  8.9;   29;1
1956;03;1956.206; 167.7;  8.6;   31;1
1956;04;1956.290; 156.7;  8.4;   30;1
1956;05;1956.373; 193.4;  9.3;   31;1
1956;06;1956.456; 165.1;  8.6;   30;1
1956;07;1956.540; 182.7;  9.0;   31;1
1956;08;1956.624; 240.2; 10.4;   31;1
1956;09;1956.708; 245.4; 10.5;   30;1
1956;10;1956.791; 219.9;  9.9;   31;1
1956;11;1956.874; 285.0; 11.3;   30;1
1956;12;1956.958; 272.0; 11.0;   31;1
1957;01;1957.042; 233.7; 10.2;   31;1
1957;02;1957.123; 184.5;  9.1;   28;1
1957;03;1957.204; 222.8; 10.0;   31;1
1957;04;1957.288; 248.0; 10.5;   30;1
1957;05;1957.371; 233.0; 10.2;   31;1
1957;06;1957.455; 284.3; 11.3;   30;1
1957;07;1957.538; 265.1; 10.9;   31;1
1957;08;1957.623; 223.7; 10.0;   31;1
1957;09;1957.707; 334.0; 12.3;   30;1
1957;10;1957.790; 359.4; 12.7;   31;1
1957;11;1957.874; 298.6; 11.6;   30;1
1957;12;1957.958; 339.0; 12.3;   31;1
1958;01;1958.042; 286.7; 11.3;   31;1
1958;02;1958.123; 233.6; 10.2;   28;1
1958;03;1958.204; 270.0; 11.0;   31;1
1958;04;1958.288; 277.6; 11.2;   30;1
1958;05;1958.371; 248.2; 10.5;   31;1
1958;06;1958.455; 242.9; 10.4;   30;1
1958;07;1958.538; 271.0; 11.0;   31;1
1958;08;1958.623; 283.5; 11.3;   31;1
1958;09;1958.707; 285.1; 11.3;   30;1
1958;10;1958.790; 256.9; 10.7;   31;1
1958;11;1958.874; 215.6;  9.8;   30;1
1958;12;1958.958; 265.7; 10.9;   31;1
1959;01;1959.042; 307.7; 11.7;   31;1
1959;02;1959.123; 202.6;  9.5;   28;1
1959;03;1959.204; 263.0; 10.9;   31;1
1959;04;1959.288; 231.3; 10.2;   30;1
1959;05;1959.371; 243.6; 10.4;   31;1
1959;06;1959.455; 238.9; 10.3;   30;1
1959;07;1959.538; 211.9;  9.7;   31;1
1959;08;1959.623; 282.6; 11.3;   31;1
1959;09;1959.707; 205.6;  9.6;   30;1
1959;10;1959.790; 157.7;  8.4;   31;1
1959;11;1959.874; 175.6;  8.9;   30;1
1959;12;1959.958; 177.1;  8.9;   31;1
1960;01;1960.042; 207.2;  9.6;   31;1
1960;02;1960.124; 149.9;  8.2;   29;1
1960;03;1960.206; 144.6;  8.0;   31;1
1960;04;1960.290; 172.7;  8.8;   30;1
1960;05;1960.373; 169.3;  8.7;   31;1
1960;06;1960.456; 156.0;  8.3;   30;1
1960;07;1960.540; 172.4;  8.8;   31;1
1960;08;1960.624; 190.0;  9.2;   31;1
1960;09;1960.708; 180.1;  9.0;   30;1
1960;10;1960.791; 117.3;  7.2;   31;1
1960;11;1960.874; 126.9;  7.5;   30;1
1960;12;1960.958; 121.2;  7.4;   31;1
1961;01;1961.042;  82.1;  6.0;   31;1
1961;02;1961.123;  65.4;  5.4;   28;1
1961;03;1961.204;  75.2;  5.8;   31;1
1961;04;1961.288;  86.9;  6.2;   30;1
1961;05;1961.371;  72.3;  5.7;   31;1
1961;06;1961.455; 109.5;  7.0;   30;1
1961;07;1961.538;  99.3;  6.6;   31;1
1961;08;1961.623;  79.2;  6.0;   31;1
1961;09;1961.707;  90.1;  6.3;   30;1
1961;10;1961.790;  53.7;  4.9;   31;1
1961;11;1961.874;  46.5;  4.6;   30;1
1961;12;1961.958;  56.9;  5.0;   31;1
1962;01;1962.042;  55.1;  5.0;   31;1
1962;02;1962.123;  71.7;  5.7;   28;1
1962;03;1962.204;  64.9;  5.4;   31;1
1962;04;1962.288;  65.9;  5.4;   30;1
1962;05;1962.371;  61.9;  5.2;   31;1
1962;06;1962.455;  59.6;  5.2;   30;1
1962;07;1962.538;  31.4;  3.8;   31;1
1962;08;1962.623;  31.5;  3.8;   31;1
1962;09;1962.707;  72.7;  5.7;   30;1
1962;10;1962.790;  56.1;  5.0;   31;1
1962;11;1962.874;  38.8;  4.2;   30;1
1962;12;1962.958;  33.2;  3.9;   31;1
1963;01;1963.042;  28.7;  3.6;   31;1
1963;02;1963.123;  35.2;  4.0;   28;1
1963;03;1963.204;  24.8;  3.4;   31;1
1963;04;1963.288;  41.7;  4.3;   30;1
1963;05;1963.371;  61.1;  5.2;   31;1
1963;06;1963.455;  51.2;  4.8;   30;1
1963;07;1963.538;  28.7;  3.6;   31;1
1963;08;1963.623;  47.5;  4.6;   31;1
1963;09;1963.707;  55.2;  5.0;   30;1
1963;10;1963.790;  50.1;  4.7;   31;1
1963;11;1963.874;  33.7;  3.9;   30;1
1963;12;1963.958;  21.6;  3.2;   31;1
1964;01;1964.042;  22.6;  3.2;   31;1
1964;02;1964.124;  25.3;  3.4;   29;1
1964;03;1964.206;  24.1;  3.3;   31;1
1964;04;1964.290;  12.9;  2.5;   30;1
1964;05;1964.373;  14.3;  2.6;   31;1
1964;06;1964.456;  13.5;  2.5;   30;1
1964;07;1964.540;   4.8;  1.5;   31;1
1964;08;1964.624;  13.8;  2.5;   31;1
1964;09;1964.708;   7.0;  1.8;   30;1
1964;10;1964.791;   9.2;  2.1;   31;1
1964;11;1964.874;  11.1;  2.3;   30;1
1964;12;1964.958;  22.1;  3.2;   31;1
1965;01;1965.042;  25.4;  3.4;   31;1
1965;02;1965.123;  20.8;  3.1;   28;1
1965;03;1965.204;  17.5;  2.8;   31;1
1965;04;1965.288;  10.2;  2.2;   30;1
1965;05;1965.371;  34.5;  3.9;   31;1
1965;06;1965.455;  23.3;  3.3;   30;1
1965;07;1965.538;  17.3;  2.8;   31;1
1965;08;1965.623;  13.3;  2.5;   31;1
1965;09;1965.707;  24.5;  3.4;   30;1
1965;10;1965.790;  29.1;  3.6;   31;1
1965;11;1965.874;  22.8;  3.2;   30;1
1965;12;1965.958;  24.7;  3.4;   31;1
1966;01;1966.042;  40.3;  4.3;   31;1
1966;02;1966.123;  35.3;  4.0;   28;1
1966;03;1966.204;  36.4;  4.0;   31;1
1966;04;1966.288;  69.0;  5.5;   30;1
1966;05;1966.371;  64.2;  5.3;   31;1
1966;06;1966.455;  67.7;  5.5;   30;1
1966;07;1966.538;  80.2;  6.0;   31;1
1966;08;1966.623;  72.6;  5.7;   31;1
1966;09;1966.707;  71.1;  5.6;   30;1
1966;10;1966.790;  81.2;  6.0;   31;1
1966;11;1966.874;  81.0;  6.0;   30;1
1966;12;1966.958;  99.8;  6.7;   31;1
1967;01;1967.042; 157.0;  8.4;   31;1
1967;02;1967.123; 132.6;  7.7;   28;1
1967;03;1967.204; 158.3;  8.4;   31;1
1967;04;1967.288;  98.4;  6.6;   30;1
1967;05;1967.371; 122.5;  7.4;   31;1
1967;06;1967.455;  95.4;  6.5;   30;1
1967;07;1967.538; 129.5;  7.6;   31;1
1967;08;1967.623; 151.8;  8.2;   31;1
1967;09;1967.707; 108.7;  7.0;   30;1
1967;10;1967.790; 125.0;  7.5;   31;1
1967;11;1967.874; 133.6;  7.7;   30;1
1967;12;1967.958; 179.0;  8.9;   31;1
1968;01;1968.042; 172.5;  8.8;   31;1
1968;02;1968.124; 158.5;  8.4;   29;1
1968;03;1968.206; 130.5;  7.6;   31;1
1968;04;1968.290; 115.0;  7.2;   30;1
1968;05;1968.373; 180.0;  9.0;   31;1
1968;06;1968.456; 156.2;  8.3;   30;1
1968;07;1968.540; 136.2;  7.8;   31;1
1968;08;1968.624; 154.8;  8.3;   31;1
1968;09;1968.708; 166.0;  8.6;   30;1
1968;10;1968.791; 152.5;  8.2;   31;1
1968;11;1968.874; 121.7;  7.4;   30;1
1968;12;1968.958; 155.5;  8.3;   31;1
1969;01;1969.042; 147.8;  8.1;   31;1
1969;02;1969.123; 170.5;  8.7;   28;1
1969;03;1969.204; 192.3;  9.3;   31;1
1969;04;1969.288; 151.1;  8.2;   30;1
1969;05;1969.371; 169.9;  8.7;   31;1
1969;06;1969.455; 150.1;  8.2;   30;1
1969;07;1969.538; 137.1;  7.8;   31;1
1969;08;1969.623; 138.8;  7.9;   31;1
1969;09;1969.707; 129.3;  7.6;   30;1
1969;10;1969.790; 135.4;  7.8;   31;1
1969;11;1969.874; 132.4;  7.7;   30;1
1969;12;1969.958; 138.6;  7.9;   31;1
1970;01;1970.042; 157.9;  8.4;   31;1
1970;02;1970.123; 180.8;  9.0;   28;1
1970;03;1970.204; 145.7;  8.1;   31;1
1970;04;1970.288; 155.1;  8.3;   30;1
1970;05;1970.371; 180.5;  9.0;   31;1
1970;06;1970.455; 151.3;  8.2;   30;1
1970;07;1970.538; 159.3;  8.4;   31;1
1970;08;1970.623; 131.7;  7.7;   31;1
1970;09;1970.707; 140.8;  7.9;   30;1
1970;10;1970.790; 122.6;  7.4;   31;1
1970;11;1970.874; 134.8;  7.8;   30;1
1970;12;1970.958; 118.2;  7.2;   31;1
1971;01;1971.042; 129.2;  7.6;   31;1
1971;02;1971.123; 111.8;  7.0;   28;1
1971;03;1971.204;  85.9;  6.2;   31;1
1971;04;1971.288; 101.6;  6.7;   30;1
1971;05;1971.371;  81.5;  6.0;   31;1
1971;06;1971.455;  70.7;  5.6;   30;1
1971;07;1971.538; 114.7;  7.1;   31;1
1971;08;1971.623;  87.0;  6.2;   31;1
1971;09;1971.707;  71.3;  5.6;   30;1
1971;10;1971.790;  73.4;  5.7;   31;1
1971;11;1971.874;  89.5;  6.3;   30;1
1971;12;1971.958; 116.5;  7.2;   31;1
1972;01;1972.042;  87.0;  6.2;   31;1
1972;02;1972.124; 125.3;  7.5;   29;1
1972;03;1972.206; 113.5;  7.1;   31;1
1972;04;1972.290;  89.6;  6.3;   30;1
1972;05;1972.373; 113.9;  7.1;   31;1
1972;06;1972.456; 124.7;  7.4;   30;1
1972;07;1972.540; 108.3;  6.9;   31;1
1972;08;1972.624; 108.9;  7.0;   31;1
1972;09;1972.708;  90.7;  6.4;   30;1
1972;10;1972.791;  86.9;  6.2;   31;1
1972;11;1972.874;  59.2;  5.2;   30;1
1972;12;1972.958;  64.3;  5.4;   31;1
1973;01;1973.042;  61.8;  5.2;   31;1
1973;02;1973.123;  60.9;  5.2;   28;1
1973;03;1973.204;  65.4;  5.4;   31;1
1973;04;1973.288;  81.8;  6.0;   30;1
1973;05;1973.371;  60.3;  5.2;   31;1
1973;06;1973.455;  56.1;  5.0;   30;1
1973;07;1973.538;  33.2;  3.9;   31;1
1973;08;1973.623;  36.6;  4.1;   31;1
1973;09;1973.707;  84.1;  6.1;   30;1
1973;10;1973.790;  43.7;  4.4;   31;1
1973;11;1973.874;  34.3;  3.9;   30;1
1973;12;1973.958;  33.3;  3.9;   31;1
1974;01;1974.042;  39.4;  4.2;   31;1
1974;02;1974.123;  37.3;  4.1;   28;1
1974;03;1974.204;  30.9;  3.8;   31;1
1974;04;1974.288;  57.5;  5.1;   30;1
1974;05;1974.371;  56.3;  5.0;   31;1
1974;06;1974.455;  51.5;  4.8;   30;1
1974;07;1974.538;  79.1;  5.9;   31;1
1974;08;1974.623;  47.9;  4.6;   31;1
1974;09;1974.707;  57.2;  5.0;   30;1
1974;10;1974.790;  67.2;  5.5;   31;1
1974;11;1974.874;  35.9;  4.0;   30;1
1974;12;1974.958;  29.6;  3.7;   31;1
1975;01;1975.042;  27.3;  3.5;   31;1
1975;02;1975.123;  16.7;  2.8;   28;1
1975;03;1975.204;  16.9;  2.8;   31;1
1975;04;1975.288;   7.7;  1.9;   30;1
1975;05;1975.371;  13.1;  2.5;   31;1
1975;06;1975.455;  16.7;  2.8;   30;1
1975;07;1975.538;  40.4;  4.3;   31;1
1975;08;1975.623;  56.7;  5.0;   31;1
1975;09;1975.707;  20.3;  3.1;   30;1
1975;10;1975.790;  13.6;  2.5;   31;1
1975;11;1975.874;  27.9;  3.6;   30;1
1975;12;1975.958;  11.6;  2.3;   31;1
1976;01;1976.042;  11.9;  2.3;   31;1
1976;02;1976.124;   6.4;  1.7;   29;1
1976;03;1976.206;  31.5;  3.8;   31;1
1976;04;1976.290;  27.3;  3.5;   30;1
1976;05;1976.373;  18.2;  2.9;   31;1
1976;06;1976.456;  17.9;  2.9;   30;1
1976;07;1976.540;   2.9;  1.2;   31;1
1976;08;1976.624;  24.1;  3.3;   31;1
1976;09;1976.708;  20.0;  3.0;   30;1
1976;10;1976.791;  29.7;  3.7;   31;1
1976;11;1976.874;   7.9;  1.9;   30;1
1976;12;1976.958;  22.3;  3.2;   31;1
1977;01;1977.042;  23.8;  3.3;   31;1
1977;02;1977.123;  33.3;  3.9;   28;1
1977;03;1977.204;  13.0;  2.5;   31;1
1977;04;1977.288;  19.0;  3.0;   30;1
1977;05;1977.371;  27.0;  3.5;   31;1
1977;06;1977.455;  54.9;  5.0;   30;1
1977;07;1977.538;  30.6;  3.7;   31;1
1977;08;1977.623;  43.0;  4.4;   31;1
1977;09;1977.707;  62.4;  5.3;   30;1
1977;10;1977.790;  62.1;  5.3;   31;1
1977;11;1977.874;  41.6;  4.3;   30;1
1977;12;1977.958;  61.4;  5.2;   31;1
1978;01;1978.042;  73.7;  5.7;   31;1
1978;02;1978.123; 132.6;  7.7;   28;1
1978;03;1978.204; 108.4;  6.9;   31;1
1978;04;1978.288; 141.2;  7.9;   30;1
1978;05;1978.371; 117.1;  7.2;   31;1
1978;06;1978.455; 134.6;  7.8;   30;1
1978;07;1978.538;  99.7;  6.7;   31;1
1978;08;1978.623;  82.4;  6.0;   31;1
1978;09;1978.707; 195.7;  9.3;   30;1
1978;10;1978.790; 177.1;  8.9;   31;1
1978;11;1978.874; 138.5;  7.9;   30;1
1978;12;1978.958; 173.9;  8.8;   31;1
1979;01;1979.042; 235.9; 10.3;   31;1
1979;02;1979.123; 194.7;  9.3;   28;1
1979;03;1979.204; 195.3;  9.3;   31;1
1979;04;1979.288; 143.7;  8.0;   30;1
1979;05;1979.371; 190.3;  9.2;   31;1
1979;06;1979.455; 211.7;  9.7;   30;1
1979;07;1979.538; 225.7; 10.0;   31;1
1979;08;1979.623; 201.4;  9.5;   31;1
1979;09;1979.707; 266.9; 10.9;   30;1
1979;10;1979.790; 263.6; 10.9;   31;1
1979;11;1979.874; 259.5; 10.8;   30;1
1979;12;1979.958; 249.6; 10.6;   31;1
1980;01;1980.042; 226.1; 10.1;   31;1
1980;02;1980.124; 219.4;  9.9;   29;1
1980;03;1980.206; 178.7;  8.9;   31;1
1980;04;1980.290; 232.2; 10.2;   30;1
1980;05;1980.373; 254.7; 10.7;   31;1
1980;06;1980.456; 222.7; 10.0;   30;1
1980;07;1980.540; 192.9;  9.3;   31;1
1980;08;1980.624; 191.7;  9.3;   31;1
1980;09;1980.708; 219.6;  9.9;   30;1
1980;10;1980.791; 233.3; 10.2;   31;1
1980;11;1980.874; 209.5;  9.7;   30;1
1980;12;1980.958; 246.9; 10.5;   31;1
1981;01;1981.042; 156.6;  9.5;  271;1
1981;02;1981.123; 189.9; 12.4;  229;1
1981;03;1981.204; 196.6; 11.6;  244;1
1981;04;1981.288; 225.3; 14.9;  254;1
1981;05;1981.371; 194.7; 13.4;  268;1
1981;06;1981.455; 131.6;  9.5;  227;1
1981;07;1981.538; 205.3; 13.0;  268;1
1981;08;1981.623; 242.5; 13.9;  276;1
1981;09;1981.707; 245.3; 18.5;  255;1
1981;10;1981.790; 216.2; 12.1;  243;1
1981;11;1981.874; 186.0; 14.2;  248;1
1981;12;1981.958; 195.4; 11.9;  266;1
1982;01;1982.042; 149.8; 10.2;  287;1
1982;02;1982.123; 230.9; 13.6;  256;1
1982;03;1982.204; 221.1; 11.4;  263;1
1982;04;1982.288; 170.3;  8.3;  284;1
1982;05;1982.371; 119.3;  8.5;  318;1
1982;06;1982.455; 163.7; 11.2;  313;1
1982;07;1982.538; 139.4; 14.0;  292;1
1982;08;1982.623; 161.9; 11.8;  301;1
1982;09;1982.707; 167.4;  9.7;  308;1
1982;10;1982.790; 134.3; 10.4;  308;1
1982;11;1982.874; 127.5; 18.6;  244;1
1982;12;1982.958; 169.0; 15.4;  262;1
1983;01;1983.042; 115.5;  8.7;  267;1
1983;02;1983.123;  73.1;  6.3;  261;1
1983;03;1983.204;  88.7;  7.1;  259;1
1983;04;1983.288; 109.6;  9.7;  282;1
1983;05;1983.371; 132.5;  9.4;  330;1
1983;06;1983.455; 131.5;  8.2;  361;1
1983;07;1983.538; 108.9;  7.3;  431;1
1983;08;1983.623;  96.0;  8.4;  429;1
1983;09;1983.707;  69.9;  5.5;  397;1
1983;10;1983.790;  72.5;  7.0;  431;1
1983;11;1983.874;  45.7;  7.3;  363;1
1983;12;1983.958;  45.6;  5.5;  405;1
1984;01;1984.042;  74.8;  6.5;  399;1
1984;02;1984.124; 110.2;  8.1;  377;1
1984;03;1984.206; 116.7;  8.7;  395;1
1984;04;1984.290;  90.4;  7.6;  407;1
1984;05;1984.373;  96.9;  7.0;  462;1
1984;06;1984.456;  65.1;  5.4;  438;1
1984;07;1984.540;  55.7;  5.1;  468;1
1984;08;1984.624;  35.0;  3.4;  509;1
1984;09;1984.708;  22.6;  3.9;  429;1
1984;10;1984.791;  12.6;  3.8;  428;1
1984;11;1984.874;  26.5;  4.7;  394;1
1984;12;1984.958;  21.4;  3.9;  397;1
1985;01;1985.042;  17.8;  3.9;  425;1
1985;02;1985.123;  20.7;  3.8;  412;1
1985;03;1985.204;  16.9;  3.9;  389;1
1985;04;1985.288;  20.4;  3.7;  468;1
1985;05;1985.371;  32.4;  3.7;  457;1
1985;06;1985.455;  28.3;  3.9;  465;1
1985;07;1985.538;  39.9;  3.8;  540;1
1985;08;1985.623;  10.1;  3.5;  546;1
1985;09;1985.707;   4.3;  2.4;  511;1
1985;10;1985.790;  22.0;  4.2;  486;1
1985;11;1985.874;  17.9;  2.6;  422;1
1985;12;1985.958;  15.8;  4.6;  422;1
1986;01;1986.042;   2.8;  2.8;  460;1
1986;02;1986.123;  27.9;  3.6;  420;1
1986;03;1986.204;  13.8;  3.8;  433;1
1986;04;1986.288;  22.4;  4.1;  449;1
1986;05;1986.371;  16.1;  3.6;  530;1
1986;06;1986.455;   0.6;  2.1;  494;1
1986;07;1986.538;  18.1;  3.9;  510;1
1986;08;1986.623;   9.9;  2.3;  567;1
1986;09;1986.707;   5.1;  3.0;  505;1
1986;10;1986.790;  40.1;  4.4;  507;1
1986;11;1986.874;  15.4;  4.3;  515;1
1986;12;1986.958;   5.8;  2.8;  544;1
1987;01;1987.042;   9.8;  2.7;  487;1
1987;02;1987.123;   3.4;  2.6;  429;1
1987;03;1987.204;  17.4;  3.0;  501;1
1987;04;1987.288;  46.0;  4.4;  581;1
1987;05;1987.371;  39.1;  3.5;  566;1
1987;06;1987.455;  18.8;  3.5;  586;1
1987;07;1987.538;  38.2;  4.3;  645;1
1987;08;1987.623;  47.9;  3.3;  619;1
1987;09;1987.707;  42.2;  3.5;  609;1
1987;10;1987.790;  63.4;  4.8;  501;1
1987;11;1987.874;  48.8;  5.1;  417;1
1987;12;1987.958;  29.1;  3.2;  455;1
1988;01;1988.042;  70.5;  5.5;  484;1
1988;02;1988.124;  45.4;  4.6;  525;1
1988;03;1988.206;  91.2;  5.7;  516;1
1988;04;1988.290; 108.8;  6.7;  562;1
1988;05;1988.373;  74.2;  6.1;  582;1
1988;06;1988.456; 124.3;  8.3;  574;1
1988;07;1988.540; 131.4;  9.6;  605;1
1988;08;1988.624; 139.4;  9.0;  649;1
1988;09;1988.708; 142.7;  9.4;  551;1
1988;10;1988.791; 156.5;  9.7;  530;1
1988;11;1988.874; 156.8;  8.9;  488;1
1988;12;1988.958; 231.2; 13.5;  490;1
1989;01;1989.042; 210.1; 15.0;  536;1
1989;02;1989.123; 208.7; 12.7;  489;1
1989;03;1989.204; 170.4; 10.2;  573;1
1989;04;1989.288; 166.3;  9.7;  534;1
1989;05;1989.371; 195.4; 10.6;  668;1
1989;06;1989.455; 284.5; 15.5;  619;1
1989;07;1989.538; 180.5; 10.2;  673;1
1989;08;1989.623; 232.0; 13.5;  639;1
1989;09;1989.707; 225.1; 14.9;  585;1
1989;10;1989.790; 212.2; 11.2;  562;1
1989;11;1989.874; 238.2; 15.2;  550;1
1989;12;1989.958; 211.4; 13.5;  504;1
1990;01;1990.042; 227.4; 13.6;  516;1
1990;02;1990.123; 171.8; 11.3;  518;1
1990;03;1990.204; 191.7; 11.0;  592;1
1990;04;1990.288; 189.7; 10.1;  575;1
1990;05;1990.371; 175.2; 10.0;  691;1
1990;06;1990.455; 153.3;  9.1;  599;1
1990;07;1990.538; 191.1;  9.8;  661;1
1990;08;1990.623; 252.1; 12.8;  714;1
1990;09;1990.707; 169.1;  9.2;  622;1
1990;10;1990.790; 199.4; 12.6;  605;1
1990;11;1990.874; 178.8; 12.3;  536;1
1990;12;1990.958; 197.1; 12.6;  479;1
1991;01;1991.042; 195.3; 14.5;  552;1
1991;02;1991.123; 240.3; 13.9;  493;1
1991;03;1991.204; 197.0; 11.8;  546;1
1991;04;1991.288; 197.6; 11.9;  590;1
1991;05;1991.371; 166.9;  9.9;  625;1
1991;06;1991.455; 224.7; 12.9;  620;1
1991;07;1991.538; 240.2; 13.7;  661;1
1991;08;1991.623; 240.8; 14.3;  707;1
1991;09;1991.707; 168.9; 11.3;  621;1
1991;10;1991.790; 197.1; 13.2;  524;1
1991;11;1991.874; 159.5; 10.1;  487;1
1991;12;1991.958; 212.6; 14.1;  506;1
1992;01;1992.042; 198.3; 12.9;  566;1
1992;02;1992.124; 230.7; 14.5;  590;1
1992;03;1992.206; 151.0;  9.2;  537;1
1992;04;1992.290; 142.2;  9.5;  660;1
1992;05;1992.373;  94.3;  7.7;  746;1
1992;06;1992.456;  98.5;  6.6;  706;1
1992;07;1992.540; 114.2;  7.7;  761;1
1992;08;1992.624;  91.9;  6.7;  794;1
1992;09;1992.708;  94.0;  5.5;  764;1
1992;10;1992.791; 133.4;  8.2;  623;1
1992;11;1992.874; 129.6;  8.2;  559;1
1992;12;1992.958; 122.0;  8.4;  539;1
1993;01;1993.042;  81.4;  5.9;  583;1
1993;02;1993.123; 127.8;  8.3;  551;1
1993;03;1993.204; 102.4;  6.6;  739;1
1993;04;1993.288;  94.4;  6.7;  719;1
1993;05;1993.371;  78.8;  5.7;  752;1
1993;06;1993.455;  69.6;  5.4;  706;1
1993;07;1993.538;  80.4;  5.4;  699;1
1993;08;1993.623;  62.5;  5.0;  809;1
1993;09;1993.707;  31.2;  4.5;  709;1
1993;10;1993.790;  71.1;  5.5;  630;1
1993;11;1993.874;  48.2;  4.4;  551;1
1993;12;1993.958;  68.4;  5.9;  562;1
1994;01;1994.042;  84.9;  6.6;  582;1
1994;02;1994.123;  54.9;  4.8;  539;1
1994;03;1994.204;  47.5;  4.1;  728;1
1994;04;1994.288;  27.4;  3.9;  763;1
1994;05;1994.371;  29.8;  4.1;  789;1
1994;06;1994.455;  39.7;  5.0;  789;1
1994;07;1994.538;  50.6;  4.3;  865;1
1994;08;1994.623;  34.3;  3.2;  876;1
1994;09;1994.707;  40.5;  4.1;  735;1
1994;10;1994.790;  67.1;  4.2;  657;1
1994;11;1994.874;  29.5;  4.7;  591;1
1994;12;1994.958;  32.2;  3.5;  610;1
1995;01;1995.042;  32.6;  5.3;  630;1
1995;02;1995.123;  45.8;  3.9;  620;1
1995;03;1995.204;  46.3;  3.8;  706;1
1995;04;1995.288;  21.6;  3.6;  698;1
1995;05;1995.371;  19.4;  2.8;  781;1
1995;06;1995.455;  22.5;  3.8;  747;1
1995;07;1995.538;  20.4;  3.1;  842;1
1995;08;1995.623;  18.2;  3.6;  854;1
1995;09;1995.707;  15.7;  3.0;  708;1
1995;10;1995.790;  30.6;  3.7;  734;1
1995;11;1995.874;  14.0;  3.7;  594;1
1995;12;1995.958;  14.9;  3.6;  515;1
1996;01;1996.042;  13.3;  3.4;  535;1
1996;02;1996.124;   7.7;  3.4;  532;1
1996;03;1996.206;  12.6;  3.1;  621;1
1996;04;1996.290;   6.8;  2.5;  678;1
1996;05;1996.373;   7.6;  3.1;  676;1
1996;06;1996.456;  16.5;  2.9;  682;1
1996;07;1996.540;  11.8;  2.6;  766;1
1996;08;1996.624;  19.7;  3.5;  759;1
1996;09;1996.708;   3.0;  2.5;  656;1
1996;10;1996.791;   0.7;  2.1;  630;1
1996;11;1996.874;  24.9;  4.4;  536;1
1996;12;1996.958;  14.0;  2.9;  543;1
1997;01;1997.042;   7.4;  3.2;  497;1
1997;02;1997.123;  11.0;  2.9;  545;1
1997;03;1997.204;  12.1;  2.4;  627;1
1997;04;1997.288;  23.0;  3.3;  663;1
1997;05;1997.371;  25.4;  2.8;  716;1
1997;06;1997.455;  20.8;  2.5;  656;1
1997;07;1997.538;  12.9;  4.2;  700;1
1997;08;1997.623;  35.7;  3.8;  723;1
1997;09;1997.707;  59.7;  4.8;  661;1
1997;10;1997.790;  32.8;  3.6;  623;1
1997;11;1997.874;  50.4;  4.7;  465;1
1997;12;1997.958;  55.5;  4.6;  418;1
1998;01;1998.042;  44.5;  4.6;  521;1
1998;02;1998.123;  50.2;  4.6;  559;1
1998;03;1998.204;  82.0;  5.9;  571;1
1998;04;1998.288;  70.6;  7.2;  537;1
1998;05;1998.371;  74.0;  4.8;  620;1
1998;06;1998.455;  90.5;  6.0;  521;1
1998;07;1998.538;  96.7;  6.3;  597;1
1998;08;1998.623; 121.1;  7.4;  586;1
1998;09;1998.707; 132.0;  8.6;  502;1
1998;10;1998.790;  78.5;  6.6;  432;1
1998;11;1998.874;  97.3;  6.8;  472;1
1998;12;1998.958; 119.2;  9.4;  435;1
1999;01;1999.042;  86.0;  7.6;  475;1
1999;02;1999.123;  98.0;  7.6;  446;1
1999;03;1999.204; 103.5;  6.8;  518;1
1999;04;1999.288;  93.6;  7.5;  569;1
1999;05;1999.371; 149.6;  8.5;  630;1
1999;06;1999.455; 207.2; 10.5;  567;1
1999;07;1999.538; 173.5;  9.3;  594;1
1999;08;1999.623; 142.3; 12.9;  649;1
1999;09;1999.707; 106.3;  6.5;  624;1
1999;10;1999.790; 168.7; 10.4;  531;1
1999;11;1999.874; 188.3; 12.3;  406;1
1999;12;1999.958; 116.8;  9.3;  404;1
2000;01;2000.042; 133.1; 10.4;  450;1
2000;02;2000.124; 165.7; 10.4;  490;1
2000;03;2000.206; 217.7; 11.9;  456;1
2000;04;2000.290; 191.5; 10.2;  529;1
2000;05;2000.373; 165.9; 10.1;  551;1
2000;06;2000.456; 188.0;  8.8;  532;1
2000;07;2000.540; 244.3; 12.0;  507;1
2000;08;2000.624; 180.5;  9.4;  626;1
2000;09;2000.708; 156.0; 11.2;  558;1
2000;10;2000.791; 141.6;  8.0;  483;1
2000;11;2000.874; 158.1;  8.9;  380;1
2000;12;2000.958; 143.3;  8.7;  391;1
2001;01;2001.042; 142.6;  9.2;  437;1
2001;02;2001.123; 121.5;  8.1;  453;1
2001;03;2001.204; 165.8; 11.9;  485;1
2001;04;2001.288; 161.7;  9.4;  578;1
2001;05;2001.371; 142.1;  8.3;  578;1
2001;06;2001.455; 202.9; 10.8;  586;1